RuleID [1000119]:
 Cluster [0]:
  [128, 0, 0, 14, 49, 0, 34, 5, 132, 15]
  [128, 0, 0, 14, 49, 0, 34, 5, 132, 15]
  [128, 0, 0, 14, 49, 0, 34, 5, 132, 15]
  [128, 0, 0, 14, 49, 0, 34, 5, 132, 15]
  [128, 0, 0, 14, 49, 0, 34, 5, 132, 15]
  [128, 0, 1, 14, 49, 0, 34, 5, 132, 15]
  [128, 0, 1, 14, 49, 0, 34, 5, 132, 15]
  [128, 0, 1, 14, 49, 0, 34, 5, 132, 15]
  [128, 0, 1, 14, 49, 0, 34, 5, 132, 15]
  [128, 0, 1, 14, 49, 0, 34, 5, 132, 15]
  [128, 0, 2, 14, 49, 0, 34, 5, 132, 15]
  [128, 0, 2, 14, 49, 0, 34, 5, 132, 15]
  [128, 0, 2, 14, 49, 0, 34, 5, 132, 15]
  [128, 0, 2, 14, 49, 0, 34, 5, 132, 15]
  [128, 0, 2, 14, 49, 0, 34, 5, 132, 15]
  [128, 0, 2, 14, 49, 0, 34, 5, 132, 15]
  [128, 0, 2, 14, 49, 0, 34, 5, 132, 15]
  [128, 0, 2, 14, 49, 0, 34, 5, 132, 15]
  [128, 0, 2, 14, 49, 0, 34, 5, 132, 15]
  [128, 0, 2, 14, 49, 0, 34, 5, 132, 15]
  [128, 0, 2, 14, 49, 0, 34, 5, 132, 15]
  [128, 0, 2, 14, 49, 0, 34, 5, 132, 15]
  [128, 0, 2, 14, 49, 0, 34, 5, 132, 15]
  [128, 0, 2, 14, 49, 0, 34, 5, 132, 15]
  [128, 0, 2, 14, 49, 0, 34, 5, 132, 15]
