RuleID [1000122]:
 Cluster [0]:
  [14, 12, 2, 0, 5, 57, 30, 9, 8, 31]
  [14, 12, 2, 0, 5, 57, 30, 9, 8, 31]
  [14, 12, 2, 0, 5, 57, 30, 9, 8, 31]
  [14, 12, 2, 0, 5, 57, 30, 9, 8, 31]
  [14, 12, 2, 0, 5, 57, 30, 9, 8, 31]
  [14, 12, 2, 0, 5, 57, 30, 9, 8, 31]
  [14, 12, 2, 0, 5, 57, 30, 9, 8, 31]
  [14, 12, 2, 0, 5, 57, 30, 9, 8, 31]
  [14, 12, 2, 0, 5, 57, 30, 9, 8, 31]
  [14, 12, 2, 0, 5, 57, 30, 9, 8, 31]
  [14, 12, 2, 0, 5, 57, 30, 9, 8, 31]
  [14, 12, 2, 0, 5, 57, 30, 9, 8, 31]
  [14, 12, 2, 0, 5, 57, 30, 9, 8, 31]
  [14, 12, 2, 0, 5, 57, 30, 9, 8, 31]
  [14, 12, 2, 0, 5, 57, 30, 9, 8, 31]
