RuleID [1000042]:
 Cluster [0]:
  [26, 5, 57]
  [26, 5, 57]
  [26, 5, 57]
  [26, 5, 57]
  [26, 5, 57]
  [26, 5, 57]
  [26, 5, 57]
  [26, 5, 57]
  [26, 5, 57]
  [26, 5, 57]
  [26, 5, 57]
  [26, 5, 57]
  [26, 5, 57]
  [26, 5, 57]
  [26, 5, 57]
  [26, 5, 57]
  [26, 5, 57]
  [26, 5, 57]
  [26, 5, 57]
  [26, 5, 57]
  [26, 5, 57]
  [26, 5, 57]
  [26, 5, 57]
  [26, 5, 57]
  [26, 5, 57]
  [26, 5, 57]
  [26, 5, 57]
  [26, 5, 57]
  [26, 5, 57]
  [26, 5, 57]
  [26, 5, 57]
  [26, 5, 57]
  [26, 5, 57]
  [26, 5, 57]
  [26, 5, 57]
