RuleID [1000005]:
 Cluster [0]:
  [4, 14, 12, 0, 0, 0, 0, 30, 9, 8, 31]
 Cluster [1]:
  [2, 14, 12, 2, 0, 5, 57, 30, 9, 8, 31]
 Cluster [2]:
  [3, 14, 12, 0, 0, 0, 0, 30, 9, 8, 31]
 Cluster [3]:
  [13, 14, 12, 0, 0, 0, 1, 30, 9, 8, 31]
 Cluster [4]:
  [14, 14, 12, 0, 0, 0, 1, 30, 9, 8, 31]
 Cluster [5]:
  [23, 14, 12, 0, 0, 0, 2, 30, 9, 8, 31]
 Cluster [6]:
  [24, 14, 12, 0, 0, 0, 2, 30, 9, 8, 31]
 Cluster [7]:
  [33, 14, 12, 0, 0, 0, 3, 30, 9, 8, 31]
 Cluster [8]:
  [34, 14, 12, 0, 0, 0, 3, 30, 9, 8, 31]
 Cluster [9]:
  [43, 14, 12, 0, 64, 0, 0, 30, 9, 8, 31]
 Cluster [10]:
  [44, 14, 12, 0, 64, 0, 1, 30, 9, 8, 31]
 Cluster [11]:
  [45, 14, 12, 0, 64, 0, 2, 30, 9, 8, 31]
 Cluster [12]:
  [46, 14, 12, 0, 64, 0, 3, 30, 9, 8, 31]
 Cluster [13]:
  [47, 14, 12, 0, 128, 0, 0, 30, 9, 8, 31]
 Cluster [14]:
  [48, 14, 12, 0, 128, 0, 0, 30, 9, 8, 31]
 Cluster [15]:
  [57, 14, 12, 0, 128, 0, 1, 30, 9, 8, 31]
 Cluster [16]:
  [58, 14, 12, 0, 128, 0, 1, 30, 9, 8, 31]
 Cluster [17]:
  [67, 14, 12, 0, 128, 0, 2, 30, 9, 8, 31]
  [67, 14, 12, 0, 128, 0, 2, 30, 9, 8, 31]
 Cluster [18]:
  [68, 14, 12, 0, 128, 0, 2, 30, 9, 8, 31]
 Cluster [19]:
  [77, 14, 12, 0, 128, 0, 3, 30, 9, 8, 31]
 Cluster [20]:
  [78, 14, 12, 0, 128, 0, 3, 30, 9, 8, 31]
 Cluster [21]:
  [89, 14, 12, 0, 192, 0, 2, 30, 9, 8, 31]
  [89, 14, 12, 0, 192, 0, 2, 30, 9, 8, 31]
 Cluster [22]:
  [87, 14, 12, 0, 192, 0, 0, 30, 9, 8, 31]
 Cluster [23]:
  [88, 14, 12, 0, 192, 0, 1, 30, 9, 8, 31]
 Cluster [24]:
  [96, 14, 12, 1, 64, 0, 0, 30, 9, 8, 31]
  [96, 14, 12, 1, 64, 0, 0, 30, 9, 8, 31]
 Cluster [25]:
  [90, 14, 12, 0, 192, 0, 3, 30, 9, 8, 31]
 Cluster [26]:
  [91, 14, 12, 0, 192, 0, 4, 30, 9, 8, 31]
 Cluster [27]:
  [92, 14, 12, 1, 0, 0, 0, 30, 9, 8, 31]
 Cluster [28]:
  [93, 14, 12, 1, 0, 0, 1, 30, 9, 8, 31]
 Cluster [29]:
  [94, 14, 12, 1, 0, 0, 2, 30, 9, 8, 31]
 Cluster [30]:
  [101, 14, 12, 1, 64, 0, 5, 30, 9, 8, 31]
 Cluster [31]:
  [95, 14, 12, 1, 0, 0, 3, 30, 9, 8, 31]
 Cluster [32]:
  [103, 14, 12, 1, 64, 0, 7, 30, 9, 8, 31]
 Cluster [33]:
  [97, 14, 12, 1, 64, 0, 1, 30, 9, 8, 31]
 Cluster [34]:
  [98, 14, 12, 1, 64, 0, 2, 30, 9, 8, 31]
 Cluster [35]:
  [99, 14, 12, 1, 64, 0, 3, 30, 9, 8, 31]
 Cluster [36]:
  [100, 14, 12, 1, 64, 0, 4, 30, 9, 8, 31]
 Cluster [37]:
  [107, 14, 12, 2, 128, 0, 1, 30, 9, 8, 31]
  [107, 14, 12, 2, 128, 0, 1, 30, 9, 8, 31]
 Cluster [38]:
  [102, 14, 12, 1, 64, 0, 6, 30, 9, 8, 31]
 Cluster [39]:
  [104, 14, 12, 1, 64, 0, 8, 30, 9, 8, 31]
 Cluster [40]:
  [105, 14, 12, 1, 64, 0, 9, 30, 9, 8, 31]
 Cluster [41]:
  [106, 14, 12, 2, 128, 0, 0, 30, 9, 8, 31]
 Cluster [42]:
  [110, 14, 12, 3, 128, 0, 0, 30, 9, 8, 31]
 Cluster [43]:
  [112, 14, 12, 3, 128, 0, 2, 30, 9, 8, 31]
 Cluster [44]:
  [108, 14, 12, 2, 128, 0, 2, 30, 9, 8, 31]
 Cluster [45]:
  [109, 14, 12, 3, 64, 0, 0, 30, 9, 8, 31]
 Cluster [46]:
  [111, 14, 12, 3, 128, 0, 1, 30, 9, 8, 31]
 Cluster [47]:
  [118, 14, 12, 5, 0, 0, 2, 30, 9, 8, 31]
 Cluster [48]:
  [113, 14, 12, 3, 128, 0, 3, 30, 9, 8, 31]
 Cluster [49]:
  [114, 14, 12, 3, 192, 0, 0, 30, 9, 8, 31]
 Cluster [50]:
  [115, 14, 12, 3, 192, 0, 1, 30, 9, 8, 31]
 Cluster [51]:
  [116, 14, 12, 5, 0, 0, 0, 30, 9, 8, 31]
 Cluster [52]:
  [123, 14, 12, 5, 0, 0, 7, 30, 9, 8, 31]
 Cluster [53]:
  [117, 14, 12, 5, 0, 0, 1, 30, 9, 8, 31]
 Cluster [54]:
  [119, 14, 12, 5, 0, 0, 3, 30, 9, 8, 31]
 Cluster [55]:
  [120, 14, 12, 5, 0, 0, 4, 30, 9, 8, 31]
 Cluster [56]:
  [121, 14, 12, 5, 0, 0, 5, 30, 9, 8, 31]
 Cluster [57]:
  [122, 14, 12, 5, 0, 0, 6, 30, 9, 8, 31]
 Cluster [58]:
  [129, 14, 12, 5, 64, 0, 5, 30, 9, 8, 31]
 Cluster [59]:
  [124, 14, 12, 5, 64, 0, 0, 30, 9, 8, 31]
 Cluster [60]:
  [125, 14, 12, 5, 64, 0, 1, 30, 9, 8, 31]
 Cluster [61]:
  [126, 14, 12, 5, 64, 0, 2, 30, 9, 8, 31]
 Cluster [62]:
  [127, 14, 12, 5, 64, 0, 3, 30, 9, 8, 31]
 Cluster [63]:
  [128, 14, 12, 5, 64, 0, 4, 30, 9, 8, 31]
 Cluster [64]:
  [130, 14, 12, 5, 64, 0, 6, 30, 9, 8, 31]
 Cluster [65]:
  [131, 14, 12, 7, 0, 0, 0, 30, 9, 8, 31]
 Cluster [66]:
  [132, 14, 12, 7, 0, 0, 1, 30, 9, 8, 31]
 Cluster [67]:
  [133, 14, 12, 7, 0, 0, 2, 30, 9, 8, 31]
 Cluster [68]:
  [134, 14, 12, 7, 0, 0, 3, 30, 9, 8, 31]
