RuleID [1000014]:
 Cluster [0]:
  [4, 0, 5, 4, 14, 12, 0, 0, 0, 0, 30, 9, 8, 31]
  [4, 0, 5, 3, 14, 12, 0, 0, 0, 0, 30, 9, 8, 31]
  [4, 0, 5, 13, 14, 12, 0, 0, 0, 1, 30, 9, 8, 31]
  [4, 0, 5, 14, 14, 12, 0, 0, 0, 1, 30, 9, 8, 31]
  [4, 0, 5, 23, 14, 12, 0, 0, 0, 2, 30, 9, 8, 31]
  [4, 0, 5, 24, 14, 12, 0, 0, 0, 2, 30, 9, 8, 31]
  [4, 0, 5, 33, 14, 12, 0, 0, 0, 3, 30, 9, 8, 31]
  [4, 0, 5, 34, 14, 12, 0, 0, 0, 3, 30, 9, 8, 31]
  [4, 0, 5, 3, 14, 12, 0, 0, 0, 0, 30, 9, 8, 31]
  [4, 0, 5, 3, 14, 12, 0, 0, 0, 0, 30, 9, 8, 31]
  [4, 0, 5, 4, 14, 12, 0, 0, 0, 0, 30, 9, 8, 31]
  [4, 0, 5, 13, 14, 12, 0, 0, 0, 1, 30, 9, 8, 31]
  [4, 0, 5, 14, 14, 12, 0, 0, 0, 1, 30, 9, 8, 31]
  [4, 0, 5, 23, 14, 12, 0, 0, 0, 2, 30, 9, 8, 31]
  [4, 0, 5, 24, 14, 12, 0, 0, 0, 2, 30, 9, 8, 31]
  [4, 0, 5, 33, 14, 12, 0, 0, 0, 3, 30, 9, 8, 31]
  [4, 0, 5, 34, 14, 12, 0, 0, 0, 3, 30, 9, 8, 31]
  [4, 0, 5, 3, 14, 12, 0, 0, 0, 0, 30, 9, 8, 31]
  [4, 0, 5, 3, 14, 12, 0, 0, 0, 0, 30, 9, 8, 31]
  [4, 0, 5, 4, 14, 12, 0, 0, 0, 0, 30, 9, 8, 31]
  [4, 0, 5, 13, 14, 12, 0, 0, 0, 1, 30, 9, 8, 31]
  [4, 0, 5, 14, 14, 12, 0, 0, 0, 1, 30, 9, 8, 31]
  [4, 0, 5, 23, 14, 12, 0, 0, 0, 2, 30, 9, 8, 31]
  [4, 0, 5, 24, 14, 12, 0, 0, 0, 2, 30, 9, 8, 31]
  [4, 0, 5, 34, 14, 12, 0, 0, 0, 3, 30, 9, 8, 31]
  [4, 0, 5, 33, 14, 12, 0, 0, 0, 3, 30, 9, 8, 31]
 Cluster [1]:
  [4, 0, 5, 2, 14, 12, 2, 0, 5, 57, 30, 9, 8, 31]
  [4, 0, 5, 2, 14, 12, 2, 0, 5, 57, 30, 9, 8, 31]
  [4, 0, 5, 2, 14, 12, 2, 0, 5, 57, 30, 9, 8, 31]
 Cluster [2]:
  [4, 0, 5, 43, 14, 12, 0, 64, 0, 0, 30, 9, 8, 31]
  [4, 0, 5, 44, 14, 12, 0, 64, 0, 1, 30, 9, 8, 31]
  [4, 0, 5, 45, 14, 12, 0, 64, 0, 2, 30, 9, 8, 31]
  [4, 0, 5, 46, 14, 12, 0, 64, 0, 3, 30, 9, 8, 31]
  [4, 0, 5, 45, 14, 12, 0, 64, 0, 2, 30, 9, 8, 31]
  [4, 0, 5, 43, 14, 12, 0, 64, 0, 0, 30, 9, 8, 31]
  [4, 0, 5, 44, 14, 12, 0, 64, 0, 1, 30, 9, 8, 31]
  [4, 0, 5, 46, 14, 12, 0, 64, 0, 3, 30, 9, 8, 31]
  [4, 0, 5, 43, 14, 12, 0, 64, 0, 0, 30, 9, 8, 31]
  [4, 0, 5, 44, 14, 12, 0, 64, 0, 1, 30, 9, 8, 31]
  [4, 0, 5, 43, 14, 12, 0, 64, 0, 0, 30, 9, 8, 31]
  [4, 0, 5, 44, 14, 12, 0, 64, 0, 1, 30, 9, 8, 31]
  [4, 0, 5, 45, 14, 12, 0, 64, 0, 2, 30, 9, 8, 31]
  [4, 0, 5, 46, 14, 12, 0, 64, 0, 3, 30, 9, 8, 31]
 Cluster [3]:
  [4, 0, 5, 47, 14, 12, 0, 128, 0, 0, 30, 9, 8, 31]
  [4, 0, 5, 48, 14, 12, 0, 128, 0, 0, 30, 9, 8, 31]
  [4, 0, 5, 57, 14, 12, 0, 128, 0, 1, 30, 9, 8, 31]
  [4, 0, 5, 58, 14, 12, 0, 128, 0, 1, 30, 9, 8, 31]
  [4, 0, 5, 67, 14, 12, 0, 128, 0, 2, 30, 9, 8, 31]
  [4, 0, 5, 67, 14, 12, 0, 128, 0, 2, 30, 9, 8, 31]
  [4, 0, 5, 68, 14, 12, 0, 128, 0, 2, 30, 9, 8, 31]
  [4, 0, 5, 77, 14, 12, 0, 128, 0, 3, 30, 9, 8, 31]
  [4, 0, 5, 78, 14, 12, 0, 128, 0, 3, 30, 9, 8, 31]
  [4, 0, 5, 47, 14, 12, 0, 128, 0, 0, 30, 9, 8, 31]
  [4, 0, 5, 48, 14, 12, 0, 128, 0, 0, 30, 9, 8, 31]
  [4, 0, 5, 57, 14, 12, 0, 128, 0, 1, 30, 9, 8, 31]
  [4, 0, 5, 57, 14, 12, 0, 128, 0, 1, 30, 9, 8, 31]
  [4, 0, 5, 58, 14, 12, 0, 128, 0, 1, 30, 9, 8, 31]
  [4, 0, 5, 68, 14, 12, 0, 128, 0, 2, 30, 9, 8, 31]
  [4, 0, 5, 67, 14, 12, 0, 128, 0, 2, 30, 9, 8, 31]
  [4, 0, 5, 68, 14, 12, 0, 128, 0, 2, 30, 9, 8, 31]
  [4, 0, 5, 77, 14, 12, 0, 128, 0, 3, 30, 9, 8, 31]
  [4, 0, 5, 78, 14, 12, 0, 128, 0, 3, 30, 9, 8, 31]
  [4, 0, 5, 47, 14, 12, 0, 128, 0, 0, 30, 9, 8, 31]
  [4, 0, 5, 48, 14, 12, 0, 128, 0, 0, 30, 9, 8, 31]
  [4, 0, 5, 57, 14, 12, 0, 128, 0, 1, 30, 9, 8, 31]
  [4, 0, 5, 58, 14, 12, 0, 128, 0, 1, 30, 9, 8, 31]
  [4, 0, 5, 67, 14, 12, 0, 128, 0, 2, 30, 9, 8, 31]
  [4, 0, 5, 68, 14, 12, 0, 128, 0, 2, 30, 9, 8, 31]
 Cluster [4]:
  [4, 0, 5, 89, 14, 12, 0, 192, 0, 2, 30, 9, 8, 31]
  [4, 0, 5, 87, 14, 12, 0, 192, 0, 0, 30, 9, 8, 31]
  [4, 0, 5, 88, 14, 12, 0, 192, 0, 1, 30, 9, 8, 31]
  [4, 0, 5, 89, 14, 12, 0, 192, 0, 2, 30, 9, 8, 31]
  [4, 0, 5, 90, 14, 12, 0, 192, 0, 3, 30, 9, 8, 31]
  [4, 0, 5, 91, 14, 12, 0, 192, 0, 4, 30, 9, 8, 31]
  [4, 0, 5, 87, 14, 12, 0, 192, 0, 0, 30, 9, 8, 31]
  [4, 0, 5, 88, 14, 12, 0, 192, 0, 1, 30, 9, 8, 31]
  [4, 0, 5, 89, 14, 12, 0, 192, 0, 2, 30, 9, 8, 31]
  [4, 0, 5, 90, 14, 12, 0, 192, 0, 3, 30, 9, 8, 31]
  [4, 0, 5, 91, 14, 12, 0, 192, 0, 4, 30, 9, 8, 31]
 Cluster [5]:
  [4, 0, 5, 96, 14, 12, 1, 64, 0, 0, 30, 9, 8, 31]
  [4, 0, 5, 92, 14, 12, 1, 0, 0, 0, 30, 9, 8, 31]
  [4, 0, 5, 96, 14, 12, 1, 64, 0, 0, 30, 9, 8, 31]
  [4, 0, 5, 92, 14, 12, 1, 0, 0, 0, 30, 9, 8, 31]
  [4, 0, 5, 96, 14, 12, 1, 64, 0, 0, 30, 9, 8, 31]
 Cluster [6]:
  [4, 0, 5, 93, 14, 12, 1, 0, 0, 1, 30, 9, 8, 31]
  [4, 0, 5, 94, 14, 12, 1, 0, 0, 2, 30, 9, 8, 31]
  [4, 0, 5, 95, 14, 12, 1, 0, 0, 3, 30, 9, 8, 31]
  [4, 0, 5, 93, 14, 12, 1, 0, 0, 1, 30, 9, 8, 31]
  [4, 0, 5, 94, 14, 12, 1, 0, 0, 2, 30, 9, 8, 31]
  [4, 0, 5, 95, 14, 12, 1, 0, 0, 3, 30, 9, 8, 31]
 Cluster [7]:
  [4, 0, 5, 101, 14, 12, 1, 64, 0, 5, 30, 9, 8, 31]
  [4, 0, 5, 103, 14, 12, 1, 64, 0, 7, 30, 9, 8, 31]
  [4, 0, 5, 97, 14, 12, 1, 64, 0, 1, 30, 9, 8, 31]
  [4, 0, 5, 98, 14, 12, 1, 64, 0, 2, 30, 9, 8, 31]
  [4, 0, 5, 99, 14, 12, 1, 64, 0, 3, 30, 9, 8, 31]
  [4, 0, 5, 100, 14, 12, 1, 64, 0, 4, 30, 9, 8, 31]
  [4, 0, 5, 102, 14, 12, 1, 64, 0, 6, 30, 9, 8, 31]
  [4, 0, 5, 104, 14, 12, 1, 64, 0, 8, 30, 9, 8, 31]
  [4, 0, 5, 105, 14, 12, 1, 64, 0, 9, 30, 9, 8, 31]
  [4, 0, 5, 97, 14, 12, 1, 64, 0, 1, 30, 9, 8, 31]
  [4, 0, 5, 100, 14, 12, 1, 64, 0, 4, 30, 9, 8, 31]
  [4, 0, 5, 97, 14, 12, 1, 64, 0, 1, 30, 9, 8, 31]
  [4, 0, 5, 98, 14, 12, 1, 64, 0, 2, 30, 9, 8, 31]
  [4, 0, 5, 99, 14, 12, 1, 64, 0, 3, 30, 9, 8, 31]
  [4, 0, 5, 101, 14, 12, 1, 64, 0, 5, 30, 9, 8, 31]
  [4, 0, 5, 102, 14, 12, 1, 64, 0, 6, 30, 9, 8, 31]
  [4, 0, 5, 103, 14, 12, 1, 64, 0, 7, 30, 9, 8, 31]
  [4, 0, 5, 105, 14, 12, 1, 64, 0, 9, 30, 9, 8, 31]
  [4, 0, 5, 104, 14, 12, 1, 64, 0, 8, 30, 9, 8, 31]
  [4, 0, 5, 105, 14, 12, 1, 64, 0, 9, 30, 9, 8, 31]
 Cluster [8]:
  [4, 0, 5, 107, 14, 12, 2, 128, 0, 1, 30, 9, 8, 31]
  [4, 0, 5, 106, 14, 12, 2, 128, 0, 0, 30, 9, 8, 31]
  [4, 0, 5, 107, 14, 12, 2, 128, 0, 1, 30, 9, 8, 31]
  [4, 0, 5, 108, 14, 12, 2, 128, 0, 2, 30, 9, 8, 31]
  [4, 0, 5, 106, 14, 12, 2, 128, 0, 0, 30, 9, 8, 31]
  [4, 0, 5, 107, 14, 12, 2, 128, 0, 1, 30, 9, 8, 31]
  [4, 0, 5, 108, 14, 12, 2, 128, 0, 2, 30, 9, 8, 31]
 Cluster [9]:
  [4, 0, 5, 110, 14, 12, 3, 128, 0, 0, 30, 9, 8, 31]
  [4, 0, 5, 112, 14, 12, 3, 128, 0, 2, 30, 9, 8, 31]
  [4, 0, 5, 111, 14, 12, 3, 128, 0, 1, 30, 9, 8, 31]
  [4, 0, 5, 113, 14, 12, 3, 128, 0, 3, 30, 9, 8, 31]
  [4, 0, 5, 110, 14, 12, 3, 128, 0, 0, 30, 9, 8, 31]
  [4, 0, 5, 110, 14, 12, 3, 128, 0, 0, 30, 9, 8, 31]
  [4, 0, 5, 111, 14, 12, 3, 128, 0, 1, 30, 9, 8, 31]
  [4, 0, 5, 112, 14, 12, 3, 128, 0, 2, 30, 9, 8, 31]
  [4, 0, 5, 113, 14, 12, 3, 128, 0, 3, 30, 9, 8, 31]
 Cluster [10]:
  [4, 0, 5, 109, 14, 12, 3, 64, 0, 0, 30, 9, 8, 31]
  [4, 0, 5, 114, 14, 12, 3, 192, 0, 0, 30, 9, 8, 31]
  [4, 0, 5, 109, 14, 12, 3, 64, 0, 0, 30, 9, 8, 31]
  [4, 0, 5, 114, 14, 12, 3, 192, 0, 0, 30, 9, 8, 31]
 Cluster [11]:
  [4, 0, 5, 118, 14, 12, 5, 0, 0, 2, 30, 9, 8, 31]
  [4, 0, 5, 116, 14, 12, 5, 0, 0, 0, 30, 9, 8, 31]
  [4, 0, 5, 123, 14, 12, 5, 0, 0, 7, 30, 9, 8, 31]
  [4, 0, 5, 117, 14, 12, 5, 0, 0, 1, 30, 9, 8, 31]
  [4, 0, 5, 119, 14, 12, 5, 0, 0, 3, 30, 9, 8, 31]
  [4, 0, 5, 120, 14, 12, 5, 0, 0, 4, 30, 9, 8, 31]
  [4, 0, 5, 121, 14, 12, 5, 0, 0, 5, 30, 9, 8, 31]
  [4, 0, 5, 122, 14, 12, 5, 0, 0, 6, 30, 9, 8, 31]
  [4, 0, 5, 120, 14, 12, 5, 0, 0, 4, 30, 9, 8, 31]
  [4, 0, 5, 116, 14, 12, 5, 0, 0, 0, 30, 9, 8, 31]
  [4, 0, 5, 122, 14, 12, 5, 0, 0, 6, 30, 9, 8, 31]
  [4, 0, 5, 117, 14, 12, 5, 0, 0, 1, 30, 9, 8, 31]
  [4, 0, 5, 118, 14, 12, 5, 0, 0, 2, 30, 9, 8, 31]
  [4, 0, 5, 119, 14, 12, 5, 0, 0, 3, 30, 9, 8, 31]
  [4, 0, 5, 121, 14, 12, 5, 0, 0, 5, 30, 9, 8, 31]
  [4, 0, 5, 123, 14, 12, 5, 0, 0, 7, 30, 9, 8, 31]
 Cluster [12]:
  [4, 0, 5, 115, 14, 12, 3, 192, 0, 1, 30, 9, 8, 31]
  [4, 0, 5, 115, 14, 12, 3, 192, 0, 1, 30, 9, 8, 31]
 Cluster [13]:
  [4, 0, 5, 129, 14, 12, 5, 64, 0, 5, 30, 9, 8, 31]
  [4, 0, 5, 124, 14, 12, 5, 64, 0, 0, 30, 9, 8, 31]
  [4, 0, 5, 125, 14, 12, 5, 64, 0, 1, 30, 9, 8, 31]
  [4, 0, 5, 126, 14, 12, 5, 64, 0, 2, 30, 9, 8, 31]
  [4, 0, 5, 127, 14, 12, 5, 64, 0, 3, 30, 9, 8, 31]
  [4, 0, 5, 128, 14, 12, 5, 64, 0, 4, 30, 9, 8, 31]
  [4, 0, 5, 130, 14, 12, 5, 64, 0, 6, 30, 9, 8, 31]
  [4, 0, 5, 126, 14, 12, 5, 64, 0, 2, 30, 9, 8, 31]
  [4, 0, 5, 124, 14, 12, 5, 64, 0, 0, 30, 9, 8, 31]
  [4, 0, 5, 125, 14, 12, 5, 64, 0, 1, 30, 9, 8, 31]
  [4, 0, 5, 126, 14, 12, 5, 64, 0, 2, 30, 9, 8, 31]
  [4, 0, 5, 127, 14, 12, 5, 64, 0, 3, 30, 9, 8, 31]
  [4, 0, 5, 128, 14, 12, 5, 64, 0, 4, 30, 9, 8, 31]
  [4, 0, 5, 129, 14, 12, 5, 64, 0, 5, 30, 9, 8, 31]
  [4, 0, 5, 130, 14, 12, 5, 64, 0, 6, 30, 9, 8, 31]
 Cluster [14]:
  [4, 0, 5, 131, 14, 12, 7, 0, 0, 0, 30, 9, 8, 31]
  [4, 0, 5, 132, 14, 12, 7, 0, 0, 1, 30, 9, 8, 31]
  [4, 0, 5, 133, 14, 12, 7, 0, 0, 2, 30, 9, 8, 31]
  [4, 0, 5, 134, 14, 12, 7, 0, 0, 3, 30, 9, 8, 31]
  [4, 0, 5, 131, 14, 12, 7, 0, 0, 0, 30, 9, 8, 31]
  [4, 0, 5, 133, 14, 12, 7, 0, 0, 2, 30, 9, 8, 31]
  [4, 0, 5, 132, 14, 12, 7, 0, 0, 1, 30, 9, 8, 31]
  [4, 0, 5, 134, 14, 12, 7, 0, 0, 3, 30, 9, 8, 31]
