RuleID [1000076]:
 Cluster [0]:
  [14, 12, 0, 128, 0, 1, 30, 9, 8, 31]
  [14, 12, 0, 128, 0, 1, 30, 9, 8, 31]
  [14, 12, 0, 128, 0, 1, 30, 9, 8, 31]
  [14, 12, 0, 128, 0, 1, 30, 9, 8, 31]
  [14, 12, 0, 128, 0, 1, 30, 9, 8, 31]
  [14, 12, 0, 128, 0, 1, 30, 9, 8, 31]
  [14, 12, 0, 128, 0, 1, 30, 9, 8, 31]
  [14, 12, 0, 128, 0, 1, 30, 9, 8, 31]
  [14, 12, 0, 128, 0, 1, 30, 9, 8, 31]
  [14, 12, 0, 128, 0, 1, 30, 9, 8, 31]
  [14, 12, 0, 128, 0, 1, 30, 9, 8, 31]
  [14, 12, 0, 128, 0, 1, 30, 9, 8, 31]
  [14, 12, 0, 128, 0, 1, 30, 9, 8, 31]
  [14, 12, 0, 128, 0, 1, 30, 9, 8, 31]
  [14, 12, 0, 128, 0, 1, 30, 9, 8, 31]
  [14, 12, 0, 128, 0, 1, 30, 9, 8, 31]
  [14, 12, 0, 128, 0, 1, 30, 9, 8, 31]
  [14, 12, 0, 128, 0, 1, 30, 9, 8, 31]
  [14, 12, 0, 128, 0, 1, 30, 9, 8, 31]
  [14, 12, 0, 128, 0, 1, 30, 9, 8, 31]
