RuleID [1000150]:
 Cluster [0]:
  [0, 14, 49, 0, 34, 5, 132, 15]
  [0, 14, 49, 0, 34, 5, 132, 15]
  [0, 14, 49, 0, 34, 5, 132, 15]
  [0, 14, 49, 0, 34, 5, 132, 15]
  [0, 14, 49, 0, 34, 5, 132, 15]
  [1, 14, 49, 0, 34, 5, 132, 15]
  [1, 14, 49, 0, 34, 5, 132, 15]
  [1, 14, 49, 0, 34, 5, 132, 15]
  [1, 14, 49, 0, 34, 5, 132, 15]
  [1, 14, 49, 0, 34, 5, 132, 15]
  [2, 14, 49, 0, 34, 5, 132, 15]
  [2, 14, 49, 0, 34, 5, 132, 15]
  [2, 14, 49, 0, 34, 5, 132, 15]
  [2, 14, 49, 0, 34, 5, 132, 15]
  [2, 14, 49, 0, 34, 5, 132, 15]
  [2, 14, 49, 0, 34, 5, 132, 15]
  [2, 14, 49, 0, 34, 5, 132, 15]
  [2, 14, 49, 0, 34, 5, 132, 15]
  [2, 14, 49, 0, 34, 5, 132, 15]
  [2, 14, 49, 0, 34, 5, 132, 15]
  [2, 14, 49, 0, 34, 5, 132, 15]
  [2, 14, 49, 0, 34, 5, 132, 15]
  [2, 14, 49, 0, 34, 5, 132, 15]
  [2, 14, 49, 0, 34, 5, 132, 15]
  [2, 14, 49, 0, 34, 5, 132, 15]
