RuleID [1000020]:
 Cluster [0]:
  [4, 14, 12, 0, 0, 0, 0, 30, 9, 8, 31]
  [3, 14, 12, 0, 0, 0, 0, 30, 9, 8, 31]
  [13, 14, 12, 0, 0, 0, 1, 30, 9, 8, 31]
  [14, 14, 12, 0, 0, 0, 1, 30, 9, 8, 31]
  [23, 14, 12, 0, 0, 0, 2, 30, 9, 8, 31]
  [24, 14, 12, 0, 0, 0, 2, 30, 9, 8, 31]
  [33, 14, 12, 0, 0, 0, 3, 30, 9, 8, 31]
  [34, 14, 12, 0, 0, 0, 3, 30, 9, 8, 31]
  [3, 14, 12, 0, 0, 0, 0, 30, 9, 8, 31]
  [3, 14, 12, 0, 0, 0, 0, 30, 9, 8, 31]
  [4, 14, 12, 0, 0, 0, 0, 30, 9, 8, 31]
  [13, 14, 12, 0, 0, 0, 1, 30, 9, 8, 31]
  [14, 14, 12, 0, 0, 0, 1, 30, 9, 8, 31]
  [23, 14, 12, 0, 0, 0, 2, 30, 9, 8, 31]
  [24, 14, 12, 0, 0, 0, 2, 30, 9, 8, 31]
  [33, 14, 12, 0, 0, 0, 3, 30, 9, 8, 31]
  [34, 14, 12, 0, 0, 0, 3, 30, 9, 8, 31]
  [3, 14, 12, 0, 0, 0, 0, 30, 9, 8, 31]
  [3, 14, 12, 0, 0, 0, 0, 30, 9, 8, 31]
  [4, 14, 12, 0, 0, 0, 0, 30, 9, 8, 31]
  [13, 14, 12, 0, 0, 0, 1, 30, 9, 8, 31]
  [14, 14, 12, 0, 0, 0, 1, 30, 9, 8, 31]
  [23, 14, 12, 0, 0, 0, 2, 30, 9, 8, 31]
  [24, 14, 12, 0, 0, 0, 2, 30, 9, 8, 31]
  [34, 14, 12, 0, 0, 0, 3, 30, 9, 8, 31]
  [33, 14, 12, 0, 0, 0, 3, 30, 9, 8, 31]
 Cluster [1]:
  [2, 14, 12, 2, 0, 5, 57, 30, 9, 8, 31]
  [2, 14, 12, 2, 0, 5, 57, 30, 9, 8, 31]
  [2, 14, 12, 2, 0, 5, 57, 30, 9, 8, 31]
 Cluster [2]:
  [43, 14, 12, 0, 64, 0, 0, 30, 9, 8, 31]
  [44, 14, 12, 0, 64, 0, 1, 30, 9, 8, 31]
  [45, 14, 12, 0, 64, 0, 2, 30, 9, 8, 31]
  [46, 14, 12, 0, 64, 0, 3, 30, 9, 8, 31]
  [45, 14, 12, 0, 64, 0, 2, 30, 9, 8, 31]
  [43, 14, 12, 0, 64, 0, 0, 30, 9, 8, 31]
  [44, 14, 12, 0, 64, 0, 1, 30, 9, 8, 31]
  [46, 14, 12, 0, 64, 0, 3, 30, 9, 8, 31]
  [43, 14, 12, 0, 64, 0, 0, 30, 9, 8, 31]
  [44, 14, 12, 0, 64, 0, 1, 30, 9, 8, 31]
  [43, 14, 12, 0, 64, 0, 0, 30, 9, 8, 31]
  [44, 14, 12, 0, 64, 0, 1, 30, 9, 8, 31]
  [45, 14, 12, 0, 64, 0, 2, 30, 9, 8, 31]
  [46, 14, 12, 0, 64, 0, 3, 30, 9, 8, 31]
 Cluster [3]:
  [47, 14, 12, 0, 128, 0, 0, 30, 9, 8, 31]
  [48, 14, 12, 0, 128, 0, 0, 30, 9, 8, 31]
  [57, 14, 12, 0, 128, 0, 1, 30, 9, 8, 31]
  [58, 14, 12, 0, 128, 0, 1, 30, 9, 8, 31]
  [67, 14, 12, 0, 128, 0, 2, 30, 9, 8, 31]
  [67, 14, 12, 0, 128, 0, 2, 30, 9, 8, 31]
  [68, 14, 12, 0, 128, 0, 2, 30, 9, 8, 31]
  [77, 14, 12, 0, 128, 0, 3, 30, 9, 8, 31]
  [78, 14, 12, 0, 128, 0, 3, 30, 9, 8, 31]
  [47, 14, 12, 0, 128, 0, 0, 30, 9, 8, 31]
  [48, 14, 12, 0, 128, 0, 0, 30, 9, 8, 31]
  [57, 14, 12, 0, 128, 0, 1, 30, 9, 8, 31]
  [57, 14, 12, 0, 128, 0, 1, 30, 9, 8, 31]
  [58, 14, 12, 0, 128, 0, 1, 30, 9, 8, 31]
  [68, 14, 12, 0, 128, 0, 2, 30, 9, 8, 31]
  [67, 14, 12, 0, 128, 0, 2, 30, 9, 8, 31]
  [68, 14, 12, 0, 128, 0, 2, 30, 9, 8, 31]
  [77, 14, 12, 0, 128, 0, 3, 30, 9, 8, 31]
  [78, 14, 12, 0, 128, 0, 3, 30, 9, 8, 31]
  [47, 14, 12, 0, 128, 0, 0, 30, 9, 8, 31]
  [48, 14, 12, 0, 128, 0, 0, 30, 9, 8, 31]
  [57, 14, 12, 0, 128, 0, 1, 30, 9, 8, 31]
  [58, 14, 12, 0, 128, 0, 1, 30, 9, 8, 31]
  [67, 14, 12, 0, 128, 0, 2, 30, 9, 8, 31]
  [68, 14, 12, 0, 128, 0, 2, 30, 9, 8, 31]
 Cluster [4]:
  [89, 14, 12, 0, 192, 0, 2, 30, 9, 8, 31]
  [87, 14, 12, 0, 192, 0, 0, 30, 9, 8, 31]
  [88, 14, 12, 0, 192, 0, 1, 30, 9, 8, 31]
  [89, 14, 12, 0, 192, 0, 2, 30, 9, 8, 31]
  [90, 14, 12, 0, 192, 0, 3, 30, 9, 8, 31]
  [91, 14, 12, 0, 192, 0, 4, 30, 9, 8, 31]
  [87, 14, 12, 0, 192, 0, 0, 30, 9, 8, 31]
  [88, 14, 12, 0, 192, 0, 1, 30, 9, 8, 31]
  [89, 14, 12, 0, 192, 0, 2, 30, 9, 8, 31]
  [90, 14, 12, 0, 192, 0, 3, 30, 9, 8, 31]
  [91, 14, 12, 0, 192, 0, 4, 30, 9, 8, 31]
 Cluster [5]:
  [96, 14, 12, 1, 64, 0, 0, 30, 9, 8, 31]
  [92, 14, 12, 1, 0, 0, 0, 30, 9, 8, 31]
  [96, 14, 12, 1, 64, 0, 0, 30, 9, 8, 31]
  [92, 14, 12, 1, 0, 0, 0, 30, 9, 8, 31]
  [96, 14, 12, 1, 64, 0, 0, 30, 9, 8, 31]
 Cluster [6]:
  [93, 14, 12, 1, 0, 0, 1, 30, 9, 8, 31]
  [94, 14, 12, 1, 0, 0, 2, 30, 9, 8, 31]
  [95, 14, 12, 1, 0, 0, 3, 30, 9, 8, 31]
  [93, 14, 12, 1, 0, 0, 1, 30, 9, 8, 31]
  [94, 14, 12, 1, 0, 0, 2, 30, 9, 8, 31]
  [95, 14, 12, 1, 0, 0, 3, 30, 9, 8, 31]
 Cluster [7]:
  [101, 14, 12, 1, 64, 0, 5, 30, 9, 8, 31]
  [103, 14, 12, 1, 64, 0, 7, 30, 9, 8, 31]
  [97, 14, 12, 1, 64, 0, 1, 30, 9, 8, 31]
  [98, 14, 12, 1, 64, 0, 2, 30, 9, 8, 31]
  [99, 14, 12, 1, 64, 0, 3, 30, 9, 8, 31]
  [100, 14, 12, 1, 64, 0, 4, 30, 9, 8, 31]
  [102, 14, 12, 1, 64, 0, 6, 30, 9, 8, 31]
  [104, 14, 12, 1, 64, 0, 8, 30, 9, 8, 31]
  [105, 14, 12, 1, 64, 0, 9, 30, 9, 8, 31]
  [97, 14, 12, 1, 64, 0, 1, 30, 9, 8, 31]
  [100, 14, 12, 1, 64, 0, 4, 30, 9, 8, 31]
  [97, 14, 12, 1, 64, 0, 1, 30, 9, 8, 31]
  [98, 14, 12, 1, 64, 0, 2, 30, 9, 8, 31]
  [99, 14, 12, 1, 64, 0, 3, 30, 9, 8, 31]
  [101, 14, 12, 1, 64, 0, 5, 30, 9, 8, 31]
  [102, 14, 12, 1, 64, 0, 6, 30, 9, 8, 31]
  [103, 14, 12, 1, 64, 0, 7, 30, 9, 8, 31]
  [105, 14, 12, 1, 64, 0, 9, 30, 9, 8, 31]
  [104, 14, 12, 1, 64, 0, 8, 30, 9, 8, 31]
  [105, 14, 12, 1, 64, 0, 9, 30, 9, 8, 31]
 Cluster [8]:
  [107, 14, 12, 2, 128, 0, 1, 30, 9, 8, 31]
  [106, 14, 12, 2, 128, 0, 0, 30, 9, 8, 31]
  [107, 14, 12, 2, 128, 0, 1, 30, 9, 8, 31]
  [108, 14, 12, 2, 128, 0, 2, 30, 9, 8, 31]
  [106, 14, 12, 2, 128, 0, 0, 30, 9, 8, 31]
  [107, 14, 12, 2, 128, 0, 1, 30, 9, 8, 31]
  [108, 14, 12, 2, 128, 0, 2, 30, 9, 8, 31]
 Cluster [9]:
  [110, 14, 12, 3, 128, 0, 0, 30, 9, 8, 31]
  [112, 14, 12, 3, 128, 0, 2, 30, 9, 8, 31]
  [111, 14, 12, 3, 128, 0, 1, 30, 9, 8, 31]
  [113, 14, 12, 3, 128, 0, 3, 30, 9, 8, 31]
  [110, 14, 12, 3, 128, 0, 0, 30, 9, 8, 31]
  [110, 14, 12, 3, 128, 0, 0, 30, 9, 8, 31]
  [111, 14, 12, 3, 128, 0, 1, 30, 9, 8, 31]
  [112, 14, 12, 3, 128, 0, 2, 30, 9, 8, 31]
  [113, 14, 12, 3, 128, 0, 3, 30, 9, 8, 31]
 Cluster [10]:
  [109, 14, 12, 3, 64, 0, 0, 30, 9, 8, 31]
  [114, 14, 12, 3, 192, 0, 0, 30, 9, 8, 31]
  [109, 14, 12, 3, 64, 0, 0, 30, 9, 8, 31]
  [114, 14, 12, 3, 192, 0, 0, 30, 9, 8, 31]
 Cluster [11]:
  [118, 14, 12, 5, 0, 0, 2, 30, 9, 8, 31]
  [116, 14, 12, 5, 0, 0, 0, 30, 9, 8, 31]
  [123, 14, 12, 5, 0, 0, 7, 30, 9, 8, 31]
  [117, 14, 12, 5, 0, 0, 1, 30, 9, 8, 31]
  [119, 14, 12, 5, 0, 0, 3, 30, 9, 8, 31]
  [120, 14, 12, 5, 0, 0, 4, 30, 9, 8, 31]
  [121, 14, 12, 5, 0, 0, 5, 30, 9, 8, 31]
  [122, 14, 12, 5, 0, 0, 6, 30, 9, 8, 31]
  [120, 14, 12, 5, 0, 0, 4, 30, 9, 8, 31]
  [116, 14, 12, 5, 0, 0, 0, 30, 9, 8, 31]
  [122, 14, 12, 5, 0, 0, 6, 30, 9, 8, 31]
  [117, 14, 12, 5, 0, 0, 1, 30, 9, 8, 31]
  [118, 14, 12, 5, 0, 0, 2, 30, 9, 8, 31]
  [119, 14, 12, 5, 0, 0, 3, 30, 9, 8, 31]
  [121, 14, 12, 5, 0, 0, 5, 30, 9, 8, 31]
  [123, 14, 12, 5, 0, 0, 7, 30, 9, 8, 31]
 Cluster [12]:
  [115, 14, 12, 3, 192, 0, 1, 30, 9, 8, 31]
  [115, 14, 12, 3, 192, 0, 1, 30, 9, 8, 31]
 Cluster [13]:
  [129, 14, 12, 5, 64, 0, 5, 30, 9, 8, 31]
  [124, 14, 12, 5, 64, 0, 0, 30, 9, 8, 31]
  [125, 14, 12, 5, 64, 0, 1, 30, 9, 8, 31]
  [126, 14, 12, 5, 64, 0, 2, 30, 9, 8, 31]
  [127, 14, 12, 5, 64, 0, 3, 30, 9, 8, 31]
  [128, 14, 12, 5, 64, 0, 4, 30, 9, 8, 31]
  [130, 14, 12, 5, 64, 0, 6, 30, 9, 8, 31]
  [126, 14, 12, 5, 64, 0, 2, 30, 9, 8, 31]
  [124, 14, 12, 5, 64, 0, 0, 30, 9, 8, 31]
  [125, 14, 12, 5, 64, 0, 1, 30, 9, 8, 31]
  [126, 14, 12, 5, 64, 0, 2, 30, 9, 8, 31]
  [127, 14, 12, 5, 64, 0, 3, 30, 9, 8, 31]
  [128, 14, 12, 5, 64, 0, 4, 30, 9, 8, 31]
  [129, 14, 12, 5, 64, 0, 5, 30, 9, 8, 31]
  [130, 14, 12, 5, 64, 0, 6, 30, 9, 8, 31]
 Cluster [14]:
  [131, 14, 12, 7, 0, 0, 0, 30, 9, 8, 31]
  [132, 14, 12, 7, 0, 0, 1, 30, 9, 8, 31]
  [133, 14, 12, 7, 0, 0, 2, 30, 9, 8, 31]
  [134, 14, 12, 7, 0, 0, 3, 30, 9, 8, 31]
  [131, 14, 12, 7, 0, 0, 0, 30, 9, 8, 31]
  [133, 14, 12, 7, 0, 0, 2, 30, 9, 8, 31]
  [132, 14, 12, 7, 0, 0, 1, 30, 9, 8, 31]
  [134, 14, 12, 7, 0, 0, 3, 30, 9, 8, 31]
