RuleID [1000074]:
 Cluster [0]:
  [30, 9, 121, 9, 70, 9, 62, 9, 97, 9, 96, 9, 28, 31]
  [30, 9, 121, 9, 70, 9, 62, 9, 97, 9, 96, 9, 28, 31]
  [30, 9, 121, 9, 70, 9, 62, 9, 97, 9, 96, 9, 28, 31]
  [30, 9, 121, 9, 70, 9, 62, 9, 97, 9, 96, 9, 28, 31]
  [30, 9, 121, 9, 70, 9, 62, 9, 97, 9, 96, 9, 28, 31]
  [30, 9, 121, 9, 70, 9, 62, 9, 97, 9, 96, 9, 28, 31]
  [30, 9, 121, 9, 70, 9, 62, 9, 97, 9, 96, 9, 28, 31]
  [30, 9, 121, 9, 70, 9, 62, 9, 97, 9, 96, 9, 28, 31]
  [30, 9, 121, 9, 70, 9, 62, 9, 97, 9, 96, 9, 28, 31]
  [30, 9, 121, 9, 70, 9, 62, 9, 97, 9, 96, 9, 28, 31]
  [30, 9, 121, 9, 70, 9, 62, 9, 97, 9, 96, 9, 28, 31]
  [30, 9, 121, 9, 70, 9, 62, 9, 97, 9, 96, 9, 28, 31]
  [30, 9, 121, 9, 70, 9, 62, 9, 97, 9, 96, 9, 28, 31]
  [30, 9, 121, 9, 70, 9, 62, 9, 97, 9, 96, 9, 28, 31]
  [30, 9, 121, 9, 70, 9, 62, 9, 97, 9, 96, 9, 28, 31]
