RuleID [1000017]:
 Cluster [0]:
  [0, 6, 0, 100]
  [0, 6, 0, 100]
  [0, 6, 0, 100]
  [0, 6, 0, 100]
  [0, 6, 0, 100]
  [0, 6, 0, 100]
  [0, 6, 0, 100]
  [0, 6, 0, 100]
  [0, 6, 0, 100]
  [0, 6, 0, 100]
  [0, 6, 0, 100]
  [0, 6, 0, 100]
  [0, 6, 0, 100]
  [0, 6, 0, 100]
  [0, 6, 0, 100]
  [0, 6, 0, 100]
  [0, 6, 0, 100]
  [0, 6, 0, 100]
  [0, 6, 0, 100]
  [0, 6, 0, 100]
  [0, 6, 0, 100]
  [0, 6, 0, 100]
  [0, 6, 0, 100]
  [0, 6, 0, 100]
 Cluster [1]:
  [0, 6, 234, 96]
  [0, 6, 234, 96]
  [0, 6, 234, 96]
  [0, 6, 234, 96]
