RuleID [1000075]:
 Cluster [0]:
  [14, 12, 0, 0, 0, 0, 30, 9, 8, 31]
  [14, 12, 0, 0, 0, 0, 30, 9, 8, 31]
  [14, 12, 0, 0, 0, 0, 30, 9, 8, 31]
  [14, 12, 0, 0, 0, 0, 30, 9, 8, 31]
  [14, 12, 0, 0, 0, 0, 30, 9, 8, 31]
  [14, 12, 0, 0, 0, 0, 30, 9, 8, 31]
  [14, 12, 0, 0, 0, 0, 30, 9, 8, 31]
  [14, 12, 0, 0, 0, 0, 30, 9, 8, 31]
  [14, 12, 0, 0, 0, 0, 30, 9, 8, 31]
  [14, 12, 0, 0, 0, 0, 30, 9, 8, 31]
  [14, 12, 0, 0, 0, 0, 30, 9, 8, 31]
  [14, 12, 0, 0, 0, 0, 30, 9, 8, 31]
  [14, 12, 0, 0, 0, 0, 30, 9, 8, 31]
  [14, 12, 0, 0, 0, 0, 30, 9, 8, 31]
  [14, 12, 0, 0, 0, 0, 30, 9, 8, 31]
