RuleID [1000006]:
 Cluster [0]:
  [4, 0, 5, 5, 12, 12, 0, 0, 0, 0, 25, 75]
 Cluster [1]:
  [4, 0, 5, 6, 12, 12, 0, 0, 0, 0, 25, 77]
 Cluster [2]:
  [4, 0, 5, 7, 12, 12, 0, 0, 0, 0, 25, 79]
 Cluster [3]:
  [4, 0, 5, 8, 12, 12, 0, 0, 0, 0, 25, 85]
 Cluster [4]:
  [4, 0, 5, 9, 12, 12, 0, 0, 0, 0, 25, 111]
 Cluster [5]:
  [4, 0, 5, 15, 12, 12, 0, 0, 0, 1, 25, 75]
  [4, 0, 5, 15, 12, 12, 0, 0, 0, 1, 25, 75]
 Cluster [6]:
  [4, 0, 5, 10, 12, 12, 0, 0, 0, 0, 25, 36]
 Cluster [7]:
  [4, 0, 5, 11, 12, 12, 0, 0, 0, 0, 25, 81]
 Cluster [8]:
  [4, 0, 5, 12, 12, 12, 0, 0, 0, 0, 25, 117]
 Cluster [9]:
  [4, 0, 5, 22, 12, 12, 0, 0, 0, 1, 25, 117]
 Cluster [10]:
  [4, 0, 5, 16, 12, 12, 0, 0, 0, 1, 25, 77]
 Cluster [11]:
  [4, 0, 5, 17, 12, 12, 0, 0, 0, 1, 25, 79]
 Cluster [12]:
  [4, 0, 5, 18, 12, 12, 0, 0, 0, 1, 25, 85]
 Cluster [13]:
  [4, 0, 5, 19, 12, 12, 0, 0, 0, 1, 25, 111]
 Cluster [14]:
  [4, 0, 5, 20, 12, 12, 0, 0, 0, 1, 25, 36]
 Cluster [15]:
  [4, 0, 5, 21, 12, 12, 0, 0, 0, 1, 25, 81]
 Cluster [16]:
  [4, 0, 5, 25, 12, 12, 0, 0, 0, 2, 25, 75]
 Cluster [17]:
  [4, 0, 5, 26, 12, 12, 0, 0, 0, 2, 25, 77]
 Cluster [18]:
  [4, 0, 5, 27, 12, 12, 0, 0, 0, 2, 25, 79]
 Cluster [19]:
  [4, 0, 5, 28, 12, 12, 0, 0, 0, 2, 25, 85]
 Cluster [20]:
  [4, 0, 5, 29, 12, 12, 0, 0, 0, 2, 25, 111]
 Cluster [21]:
  [4, 0, 5, 30, 12, 12, 0, 0, 0, 2, 25, 36]
 Cluster [22]:
  [4, 0, 5, 31, 12, 12, 0, 0, 0, 2, 25, 81]
 Cluster [23]:
  [4, 0, 5, 32, 12, 12, 0, 0, 0, 2, 25, 117]
 Cluster [24]:
  [4, 0, 5, 35, 12, 12, 0, 0, 0, 3, 25, 75]
 Cluster [25]:
  [4, 0, 5, 36, 12, 12, 0, 0, 0, 3, 25, 77]
 Cluster [26]:
  [4, 0, 5, 37, 12, 12, 0, 0, 0, 3, 25, 79]
 Cluster [27]:
  [4, 0, 5, 38, 12, 12, 0, 0, 0, 3, 25, 85]
 Cluster [28]:
  [4, 0, 5, 39, 12, 12, 0, 0, 0, 3, 25, 111]
 Cluster [29]:
  [4, 0, 5, 40, 12, 12, 0, 0, 0, 3, 25, 36]
 Cluster [30]:
  [4, 0, 5, 41, 12, 12, 0, 0, 0, 3, 25, 81]
 Cluster [31]:
  [4, 0, 5, 42, 12, 12, 0, 0, 0, 3, 25, 117]
 Cluster [32]:
  [4, 0, 5, 49, 12, 12, 0, 128, 0, 0, 25, 75]
 Cluster [33]:
  [4, 0, 5, 50, 12, 12, 0, 128, 0, 0, 25, 77]
 Cluster [34]:
  [4, 0, 5, 51, 12, 12, 0, 128, 0, 0, 25, 79]
 Cluster [35]:
  [4, 0, 5, 52, 12, 12, 0, 128, 0, 0, 25, 85]
 Cluster [36]:
  [4, 0, 5, 53, 12, 12, 0, 128, 0, 0, 25, 111]
 Cluster [37]:
  [4, 0, 5, 54, 12, 12, 0, 128, 0, 0, 25, 36]
 Cluster [38]:
  [4, 0, 5, 55, 12, 12, 0, 128, 0, 0, 25, 81]
 Cluster [39]:
  [4, 0, 5, 56, 12, 12, 0, 128, 0, 0, 25, 117]
 Cluster [40]:
  [4, 0, 5, 59, 12, 12, 0, 128, 0, 1, 25, 75]
 Cluster [41]:
  [4, 0, 5, 60, 12, 12, 0, 128, 0, 1, 25, 77]
 Cluster [42]:
  [4, 0, 5, 61, 12, 12, 0, 128, 0, 1, 25, 79]
 Cluster [43]:
  [4, 0, 5, 62, 12, 12, 0, 128, 0, 1, 25, 85]
 Cluster [44]:
  [4, 0, 5, 63, 12, 12, 0, 128, 0, 1, 25, 111]
 Cluster [45]:
  [4, 0, 5, 64, 12, 12, 0, 128, 0, 1, 25, 36]
 Cluster [46]:
  [4, 0, 5, 65, 12, 12, 0, 128, 0, 1, 25, 81]
 Cluster [47]:
  [4, 0, 5, 72, 12, 12, 0, 128, 0, 2, 25, 85]
 Cluster [48]:
  [4, 0, 5, 66, 12, 12, 0, 128, 0, 1, 25, 117]
 Cluster [49]:
  [4, 0, 5, 69, 12, 12, 0, 128, 0, 2, 25, 75]
 Cluster [50]:
  [4, 0, 5, 70, 12, 12, 0, 128, 0, 2, 25, 77]
 Cluster [51]:
  [4, 0, 5, 71, 12, 12, 0, 128, 0, 2, 25, 79]
 Cluster [52]:
  [4, 0, 5, 75, 12, 12, 0, 128, 0, 2, 25, 81]
  [4, 0, 5, 75, 12, 12, 0, 128, 0, 2, 25, 81]
 Cluster [53]:
  [4, 0, 5, 73, 12, 12, 0, 128, 0, 2, 25, 111]
 Cluster [54]:
  [4, 0, 5, 74, 12, 12, 0, 128, 0, 2, 25, 36]
 Cluster [55]:
  [4, 0, 5, 76, 12, 12, 0, 128, 0, 2, 25, 117]
 Cluster [56]:
  [4, 0, 5, 81, 12, 12, 0, 128, 0, 3, 25, 79]
 Cluster [57]:
  [4, 0, 5, 83, 12, 12, 0, 128, 0, 3, 25, 111]
  [4, 0, 5, 83, 12, 12, 0, 128, 0, 3, 25, 111]
 Cluster [58]:
  [4, 0, 5, 79, 12, 12, 0, 128, 0, 3, 25, 75]
 Cluster [59]:
  [4, 0, 5, 80, 12, 12, 0, 128, 0, 3, 25, 77]
 Cluster [60]:
  [4, 0, 5, 82, 12, 12, 0, 128, 0, 3, 25, 85]
 Cluster [61]:
  [4, 0, 5, 84, 12, 12, 0, 128, 0, 3, 25, 36]
 Cluster [62]:
  [4, 0, 5, 85, 12, 12, 0, 128, 0, 3, 25, 81]
 Cluster [63]:
  [4, 0, 5, 86, 12, 12, 0, 128, 0, 3, 25, 117]
