RuleID [1000019]:
 Cluster [0]:
  [1]
  [1]
 Cluster [1]:
  [0, 0, 6, 1, 4, 0, 0, 0, 2]
  [0, 0, 6, 1, 4, 0, 0, 0, 2]
 Cluster [2]:
  [0, 0, 6, 1, 4, 0, 0, 0, 125]
 Cluster [3]:
  [0, 0, 6, 1, 4, 0, 0, 0, 123]
 Cluster [4]:
  [0, 0, 6, 1, 4, 255, 255, 0, 125]
 Cluster [5]:
  [0, 0, 6, 1, 4, 0, 1, 0, 1]
 Cluster [6]:
  [0, 0, 6, 1, 4, 0, 1, 0, 125]
 Cluster [7]:
  [0, 0, 6, 1, 4, 0, 1, 0, 124]
 Cluster [8]:
  [0, 0, 6, 1, 4, 0, 2, 0, 2]
 Cluster [9]:
  [0, 0, 6, 1, 4, 0, 2, 0, 125]
 Cluster [10]:
  [0, 0, 6, 1, 4, 0, 2, 0, 123]
 Cluster [11]:
  [0, 0, 6, 1, 4, 255, 253, 0, 125]
