RuleID [1000053]:
 Cluster [0]:
  [1]
  [1]
 Cluster [1]:
  [0, 0, 254, 1, 4, 0, 0, 0, 125, 87, 55, 225, 61, 138, 200, 231, 230, 9, 13, 143, 176, 141, 148, 242, 65, 93, 52, 245, 101, 98, 1, 33, 125, 79, 251, 141, 99, 98, 126, 209, 164, 59, 127, 194, 193, 54, 23, 83, 190, 116, 132, 241, 72, 64, 170, 60, 85, 49, 222, 227, 150, 139, 247, 130, 85, 21, 99, 238, 143, 59, 131, 132, 138, 60, 235, 116, 14, 210, 48, 11, 69, 225, 55, 241, 221, 16, 216, 61, 164, 191, 55, 50, 132, 155, 58, 24, 68, 252, 108, 172, 210, 41, 196, 130, 240, 0, 102, 12, 85, 53, 45, 130, 0, 211, 157, 181, 84, 6, 165, 69, 60, 38, 73, 208, 3, 81, 255, 239, 1, 210, 47, 17, 101, 132, 56, 28, 28, 180, 0, 220, 169, 204, 232, 111, 145, 181, 50, 177, 254, 132, 196, 62, 87, 39, 112, 172, 224, 244, 126, 159, 0, 119, 11, 130, 5, 27, 28, 123, 154, 129, 153, 159, 5, 200, 155, 112, 62, 218, 62, 78, 31, 78, 240, 124, 14, 241, 186, 62, 20, 140, 59, 39, 53, 97, 219, 50, 192, 101, 105, 118, 152, 182, 22, 125, 235, 36, 56, 143, 139, 0, 109, 6, 181, 48, 128, 178, 134, 143, 116, 20, 96, 222, 103, 13, 69, 113, 105, 164, 236, 105, 175, 217, 112, 200, 182, 104, 55, 115, 144, 234, 185, 43, 178, 20, 31, 53, 113, 5, 225, 41, 171, 49, 241, 85, 21, 186, 78]
 Cluster [2]:
  [0, 0, 254, 1, 4, 255, 255, 0, 125, 182, 18, 175, 179, 160, 150, 56, 196, 101, 22, 95, 124, 175, 188, 126, 255, 135, 231, 29, 161, 158, 77, 8, 94, 18, 107, 78, 160, 214, 192, 79, 36, 251, 150, 170, 15, 186, 62, 183, 210, 58, 252, 128, 175, 247, 224, 99, 234, 171, 204, 157, 29, 98, 69, 107, 105, 10, 80, 161, 52, 71, 151, 237, 165, 198, 58, 129, 24, 18, 111, 68, 72, 48, 74, 102, 162, 204, 88, 102, 49, 7, 100, 245, 10, 34, 49, 194, 182, 42, 65, 5, 105, 157, 131, 139, 163, 14, 219, 233, 189, 95, 74, 215, 59, 135, 85, 237, 23, 222, 200, 156, 178, 234, 112, 44, 226, 161, 227, 131, 149, 120, 202, 238, 208, 106, 219, 171, 172, 191, 194, 147, 240, 111, 169, 209, 188, 140, 186, 130, 204, 68, 170, 215, 98, 164, 82, 127, 45, 87, 168, 2, 43, 88, 83, 68, 148, 92, 7, 208, 171, 169, 65, 87, 27, 52, 172, 67, 64, 158, 111, 86, 231, 96, 182, 81, 206, 243, 139, 44, 23, 92, 126, 85, 23, 192, 104, 152, 27, 100, 60, 96, 133, 233, 214, 34, 2, 82, 187, 45, 248, 15, 62, 142, 232, 82, 27, 203, 162, 2, 118, 161, 209, 218, 185, 79, 43, 235, 64, 91, 204, 19, 40, 219, 97, 15, 208, 253, 137, 147, 78, 123, 55, 94, 52, 8, 29, 239, 109, 197, 165, 156, 245, 24, 238, 154, 143, 171, 48]
 Cluster [3]:
  [0, 0, 254, 1, 4, 255, 255, 0, 124, 194, 198, 226, 32, 23, 81, 230, 155, 19, 57, 206, 57, 248, 163, 114, 55, 48, 100, 182, 23, 251, 51, 180, 97, 97, 227, 73, 77, 98, 181, 12, 53, 88, 29, 137, 2, 62, 106, 62, 222, 168, 109, 95, 234, 86, 112, 10, 155, 23, 213, 226, 54, 140, 61, 128, 142, 17, 129, 190, 51, 8, 152, 56, 94, 45, 152, 224, 218, 26, 111, 249, 197, 37, 215, 111, 141, 211, 202, 10, 240, 217, 173, 54, 141, 210, 214, 169, 27, 157, 250, 241, 188, 172, 10, 213, 15, 53, 1, 188, 189, 143, 47, 129, 167, 220, 28, 16, 180, 206, 243, 186, 71, 118, 205, 90, 91, 98, 171, 139, 87, 239, 197, 61, 31, 126, 61, 25, 26, 1, 96, 88, 210, 13, 77, 97, 169, 43, 143, 176, 181, 197, 244, 77, 169, 64, 170, 69, 223, 176, 122, 173, 137, 117, 101, 205, 202, 242, 97, 41, 158, 3, 245, 178, 109, 155, 231, 57, 40, 108, 177, 47, 210, 250, 213, 145, 251, 120, 148, 223, 211, 247, 58, 106, 135, 179, 206, 93, 167, 128, 150, 182, 202, 101, 17, 178, 208, 65, 223, 14, 88, 112, 28, 115, 254, 75, 218, 142, 159, 212, 210, 81, 94, 130, 85, 167, 201, 138, 43, 186, 204, 137, 145, 168, 213, 250, 101, 109, 232, 35, 192, 185, 153, 133, 134, 99, 218, 198, 108, 59, 216, 64, 190, 210, 173, 69, 88, 71, 15]
 Cluster [4]:
  [0, 0, 254, 1, 4, 255, 254, 0, 125, 10, 140, 66, 228, 247, 195, 232, 113, 204, 81, 110, 74, 32, 50, 8, 26, 58, 47, 134, 242, 150, 240, 23, 14, 6, 157, 53, 70, 204, 90, 151, 211, 249, 93, 86, 249, 238, 98, 137, 103, 22, 63, 10, 233, 201, 194, 5, 31, 82, 104, 0, 79, 62, 204, 135, 26, 117, 52, 221, 90, 142, 162, 165, 114, 185, 154, 80, 194, 219, 15, 43, 216, 165, 31, 219, 86, 229, 46, 68, 67, 152, 22, 244, 99, 89, 71, 148, 45, 213, 60, 131, 186, 133, 47, 216, 116, 154, 152, 47, 47, 114, 66, 68, 66, 61, 40, 169, 31, 241, 48, 53, 70, 239, 153, 193, 120, 173, 65, 24, 113, 5, 35, 236, 159, 139, 113, 83, 118, 70, 102, 188, 76, 254, 21, 209, 85, 210, 178, 38, 49, 158, 117, 60, 165, 6, 61, 203, 235, 110, 96, 199, 89, 128, 189, 41, 78, 85, 164, 182, 203, 213, 51, 216, 138, 116, 233, 72, 218, 199, 108, 166, 251, 26, 230, 211, 144, 231, 71, 152, 78, 165, 103, 8, 229, 159, 98, 203, 64, 236, 131, 255, 45, 251, 90, 92, 107, 156, 177, 48, 29, 244, 241, 36, 1, 186, 203, 62, 154, 234, 152, 103, 14, 12, 103, 37, 109, 43, 242, 235, 18, 29, 7, 238, 68, 108, 121, 0, 191, 137, 103, 243, 53, 23, 123, 90, 180, 67, 6, 43, 212, 35, 49, 86, 83, 28, 241, 32, 148]
 Cluster [5]:
  [0, 0, 254, 1, 4, 255, 254, 0, 123, 7, 144, 32, 152, 138, 255, 207, 5, 229, 243, 206, 252, 1, 225, 24, 101, 40, 198, 190, 54, 109, 218, 107, 228, 202, 158, 147, 85, 45, 25, 246, 245, 122, 160, 96, 123, 43, 91, 209, 194, 159, 110, 167, 76, 231, 4, 240, 20, 33, 28, 241, 175, 7, 20, 91, 45, 37, 59, 206, 236, 108, 121, 216, 204, 252, 216, 129, 96, 128, 156, 57, 205, 244, 251, 151, 255, 51, 30, 252, 197, 173, 127, 52, 16, 39, 71, 238, 101, 69, 50, 86, 239, 141, 229, 86, 37, 149, 218, 79, 15, 130, 144, 147, 133, 226, 36, 186, 11, 125, 91, 250, 6, 62, 8, 62, 237, 69, 199, 164, 181, 234, 28, 26, 78, 69, 74, 63, 15, 165, 113, 105, 88, 206, 237, 66, 28, 235, 174, 45, 2, 140, 226, 231, 233, 56, 79, 176, 133, 166, 105, 223, 206, 54, 154, 36, 102, 118, 69, 63, 152, 228, 171, 102, 12, 242, 162, 56, 81, 197, 34, 1, 151, 154, 162, 40, 7, 52, 48, 21, 246, 153, 186, 104, 59, 145, 155, 34, 52, 200, 220, 166, 166, 111, 149, 29, 225, 124, 219, 247, 150, 23, 95, 191, 132, 103, 72, 52, 148, 113, 29, 49, 69, 47, 73, 255, 42, 66, 42, 122, 86, 127, 3, 136, 233, 123, 90, 39, 4, 132, 70, 138, 89, 57, 127, 222, 57, 251, 228, 212, 73, 103, 142, 194, 171, 170, 97, 119, 38]
 Cluster [6]:
  [0, 0, 254, 1, 4, 0, 2, 0, 125, 37, 39, 126, 92, 81, 252, 116, 179, 122, 207, 181, 184, 120, 80, 78, 97, 194, 176, 240, 93, 124, 172, 128, 253, 58, 34, 253, 169, 22, 22, 58, 13, 39, 98, 49, 253, 44, 220, 14, 21, 66, 76, 255, 166, 220, 109, 129, 166, 229, 86, 143, 54, 192, 67, 179, 120, 166, 128, 34, 46, 255, 202, 157, 99, 148, 167, 145, 21, 30, 80, 52, 229, 162, 219, 27, 47, 173, 217, 33, 205, 161, 86, 195, 192, 135, 4, 77, 227, 175, 184, 86, 171, 186, 223, 21, 119, 175, 155, 18, 52, 219, 107, 135, 149, 33, 170, 147, 228, 40, 131, 203, 205, 95, 85, 141, 169, 7, 220, 220, 143, 90, 174, 102, 102, 249, 136, 42, 195, 198, 163, 127, 17, 199, 237, 241, 53, 206, 46, 158, 221, 112, 104, 187, 43, 236, 137, 76, 101, 82, 108, 112, 210, 191, 130, 217, 45, 4, 33, 155, 153, 127, 208, 30, 132, 3, 186, 5, 114, 99, 87, 218, 216, 62, 255, 30, 241, 242, 59, 121, 111, 60, 197, 113, 90, 51, 172, 81, 68, 19, 196, 49, 173, 146, 5, 93, 160, 74, 55, 39, 50, 132, 218, 2, 250, 145, 151, 148, 192, 99, 231, 58, 201, 168, 43, 93, 185, 95, 196, 80, 87, 105, 193, 94, 158, 38, 45, 69, 56, 161, 126, 167, 187, 20, 71, 235, 97, 194, 118, 200, 156, 24, 145, 224, 43, 137, 104, 4, 103]
 Cluster [7]:
  [0, 0, 254, 1, 4, 255, 253, 0, 125, 237, 108, 221, 37, 158, 56, 164, 71, 213, 17, 122, 5, 172, 123, 51, 232, 50, 215, 110, 72, 13, 19, 183, 153, 136, 76, 213, 183, 204, 149, 238, 24, 247, 21, 17, 85, 197, 188, 176, 233, 73, 212, 19, 191, 237, 205, 121, 124, 42, 142, 191, 145, 136, 246, 95, 218, 181, 68, 156, 82, 98, 237, 123, 63, 35, 98, 14, 151, 106, 221, 34, 118, 38, 133, 255, 56, 0, 248, 172, 187, 211, 89, 140, 62, 214, 92, 144, 0, 181, 54, 160, 129, 31, 93, 135, 92, 89, 211, 155, 139, 191, 225, 18, 77, 108, 72, 106, 2, 247, 39, 218, 189, 151, 225, 127, 8, 96, 60, 105, 198, 209, 14, 226, 51, 61, 160, 86, 201, 253, 162, 222, 44, 92, 33, 251, 241, 71, 63, 210, 141, 241, 141, 9, 141, 92, 226, 233, 62, 222, 126, 251, 29, 105, 212, 185, 177, 255, 222, 15, 203, 242, 161, 4, 84, 72, 173, 97, 118, 229, 141, 193, 33, 106, 219, 213, 68, 4, 84, 214, 90, 182, 23, 234, 127, 167, 193, 195, 135, 103, 74, 241, 104, 47, 6, 155, 79, 136, 180, 69, 175, 129, 115, 89, 81, 188, 218, 179, 141, 255, 117, 172, 170, 8, 180, 20, 218, 183, 133, 173, 135, 233, 217, 14, 154, 155, 89, 241, 99, 64, 133, 187, 80, 15, 39, 216, 67, 190, 153, 194, 205, 14, 53, 135, 242, 158, 70, 95, 123]
 Cluster [8]:
  [0, 0, 254, 1, 4, 255, 253, 0, 124, 221, 163, 68, 41, 210, 250, 46, 109, 2, 180, 253, 161, 217, 227, 25, 30, 18, 96, 139, 129, 6, 184, 117, 237, 217, 83, 118, 218, 55, 101, 21, 230, 33, 175, 126, 164, 106, 48, 239, 224, 54, 7, 115, 233, 136, 241, 125, 208, 79, 147, 83, 131, 140, 161, 253, 36, 45, 86, 79, 126, 131, 84, 53, 156, 159, 23, 128, 41, 101, 117, 179, 225, 112, 171, 75, 255, 69, 140, 100, 232, 213, 166, 138, 164, 18, 145, 90, 127, 178, 89, 119, 20, 224, 112, 92, 226, 209, 215, 73, 113, 113, 84, 107, 218, 223, 113, 19, 224, 86, 254, 223, 161, 241, 103, 169, 221, 201, 145, 138, 14, 188, 0, 119, 11, 254, 159, 0, 255, 79, 104, 45, 109, 66, 243, 118, 129, 59, 176, 196, 160, 125, 122, 41, 180, 122, 214, 34, 121, 199, 126, 25, 64, 77, 58, 180, 113, 220, 95, 220, 63, 112, 19, 144, 237, 208, 113, 94, 254, 240, 39, 162, 25, 204, 233, 144, 66, 214, 195, 145, 40, 125, 135, 56, 209, 79, 237, 32, 7, 62, 5, 164, 219, 211, 132, 47, 106, 233, 59, 227, 8, 119, 36, 136, 160, 219, 0, 115, 99, 170, 114, 154, 25, 205, 180, 194, 233, 218, 191, 158, 227, 81, 86, 191, 235, 130, 198, 69, 71, 185, 38, 88, 155, 223, 137, 176, 88, 255, 152, 245, 78, 121, 188, 93, 204, 106, 138, 14, 30]
