RuleID [1000016]:
 Cluster [0]:
  [5, 0, 43, 14, 1, 0]
  [5, 0, 43, 14, 1, 0]
  [5, 0, 43, 14, 1, 0]
  [5, 0, 43, 14, 1, 0]
  [5, 0, 43, 14, 1, 0]
 Cluster [1]:
  [5, 0, 43, 14, 2, 0]
  [5, 0, 43, 14, 2, 0]
  [5, 0, 43, 14, 2, 0]
 Cluster [2]:
  [6, 1, 4, 0, 0, 0, 1]
  [6, 1, 4, 0, 0, 0, 1]
 Cluster [3]:
  [6, 1, 4, 0, 0, 0, 125]
 Cluster [4]:
  [6, 1, 4, 0, 0, 0, 124]
 Cluster [5]:
  [6, 1, 4, 0, 1, 0, 2]
 Cluster [6]:
  [6, 1, 4, 0, 1, 0, 125]
 Cluster [7]:
  [6, 1, 4, 0, 1, 0, 123]
 Cluster [8]:
  [6, 1, 4, 255, 254, 0, 125]
 Cluster [9]:
  [6, 1, 4, 0, 2, 0, 1]
 Cluster [10]:
  [6, 1, 4, 0, 2, 0, 125]
 Cluster [11]:
  [6, 1, 4, 0, 2, 0, 124]
 Cluster [12]:
  [6, 1, 1, 0, 0, 0, 0]
