RuleID [1000006]:
 Cluster [0]:
  [4, 0, 0, 0, 1, 161, 193, 77, 150, 75, 235, 75, 177, 223, 183, 24, 202, 74, 215, 213, 216, 55, 6, 17, 77, 207, 12, 131, 94, 149, 6, 187, 15, 51, 56, 90, 41, 173, 183, 13, 176, 150, 197, 154, 140, 18, 128, 188, 144, 27, 242, 201, 238, 37, 102, 51, 37, 34, 202, 237, 149, 62, 238, 1, 68, 48, 59, 125, 166, 92, 239, 29, 146, 201, 36, 66, 113, 108, 132, 59, 78, 80, 243, 67, 162, 60, 204, 233, 205, 4, 53, 7, 226, 201, 120, 114, 167, 196, 85, 91, 214, 2, 21, 51, 43, 213, 54, 37, 1, 36, 193, 185, 157, 143, 159, 68, 74, 170, 94, 7, 99, 82, 176, 161, 39, 231, 58, 200, 80, 177, 154, 173, 22, 41, 100, 76, 58, 191, 23, 204, 5, 167, 232, 169, 67, 124, 106, 82, 42, 52, 39, 252, 102, 77, 247, 132, 81, 115, 11, 67, 155, 110, 212, 79, 137, 20, 162, 116, 42, 82, 9, 139, 147, 145, 1, 188, 106, 6, 94, 171, 125, 231, 158, 28, 137, 157, 70, 200, 49, 224, 250, 199, 179, 211, 49, 151, 211, 152, 31, 46, 217, 246, 39, 216, 42, 156, 105, 212, 76, 59, 26, 74, 20, 96, 198, 179, 207, 183, 198, 235, 206, 217, 67, 74, 87, 66, 215, 191, 95, 106, 232, 209, 231, 48, 209, 135, 192, 197, 242, 237, 52, 113, 124, 245, 197, 175, 178, 83, 13, 126, 199, 27, 210]
  [4, 0, 0, 0, 1, 161, 193, 77, 150, 75, 235, 75, 177, 223, 183, 24, 202, 74, 215, 213, 216, 55, 6, 17, 77, 207, 12, 131, 94, 149, 6, 187, 15, 51, 56, 90, 41, 173, 183, 13, 176, 150, 197, 154, 140, 18, 128, 188, 144, 27, 242, 201, 238, 37, 102, 51, 37, 34, 202, 237, 149, 62, 238, 1, 68, 48, 59, 125, 166, 92, 239, 29, 146, 201, 36, 66, 113, 108, 132, 59, 78, 80, 243, 67, 162, 60, 204, 233, 205, 4, 53, 7, 226, 201, 120, 114, 167, 196, 85, 91, 214, 2, 21, 51, 43, 213, 54, 37, 1, 36, 193, 185, 157, 143, 159, 68, 74, 170, 94, 7, 99, 82, 176, 161, 39, 231, 58, 200, 80, 177, 154, 173, 22, 41, 100, 76, 58, 191, 23, 204, 5, 167, 232, 169, 67, 124, 106, 82, 42, 52, 39, 252, 102, 77, 247, 132, 81, 115, 11, 67, 155, 110, 212, 79, 137, 20, 162, 116, 42, 82, 9, 139, 147, 145, 1, 188, 106, 6, 94, 171, 125, 231, 158, 28, 137, 157, 70, 200, 49, 224, 250, 199, 179, 211, 49, 151, 211, 152, 31, 46, 217, 246, 39, 216, 42, 156, 105, 212, 76, 59, 26, 74, 20, 96, 198, 179, 207, 183, 198, 235, 206, 217, 67, 74, 87, 66, 215, 191, 95, 106, 232, 209, 231, 48, 209, 135, 192, 197, 242, 237, 52, 113, 124, 245, 197, 175, 178, 83, 13, 126, 199, 27, 210]
 Cluster [1]:
  [4, 0, 0, 0, 125, 85, 170, 12, 179, 32, 227, 112, 29, 9, 148, 182, 192, 76, 142, 96, 71, 177, 227, 222, 97, 148, 19, 131, 51, 183, 29, 117, 204, 124, 102, 13, 34, 167, 37, 127, 166, 238, 193, 67, 211, 30, 65, 10, 118, 242, 88, 128, 107, 152, 95, 149, 212, 252, 140, 20, 65, 38, 216, 251, 3, 109, 163, 161, 163, 134, 148, 25, 38, 14, 186, 89, 240, 160, 10, 66, 82, 9, 12, 65, 95, 156, 9, 52, 29, 208, 57, 37, 26, 16, 62, 127, 21, 197, 64, 101, 122, 159, 102, 240, 94, 63, 90, 93, 221, 6, 165, 52, 241, 73, 193, 56, 25, 151, 156, 102, 100, 111, 132, 211, 77, 111, 254, 21, 208, 58, 67, 42, 95, 165, 200, 179, 162, 28, 227, 31, 66, 172, 86, 22, 42, 4, 51, 208, 78, 5, 101, 126, 40, 217, 1, 11, 27, 147, 162, 238, 64, 68, 141, 162, 194, 122, 212, 76, 129, 14, 150, 252, 180, 124, 36, 184, 24, 109, 168, 72, 59, 45, 199, 203, 212, 197, 2, 134, 163, 188, 151, 14, 122, 244, 223, 254, 31, 179, 84, 175, 48, 230, 79, 63, 111, 105, 201, 171, 181, 73, 242, 173, 235, 90, 179, 19, 124, 193, 206, 253, 120, 78, 169, 196, 119, 135, 130, 192, 157, 37, 153, 100, 25, 248, 24, 85, 222, 135, 92, 107, 251, 86, 208, 90, 201, 233, 35, 32, 65, 203, 129, 93, 229]
 Cluster [2]:
  [4, 0, 0, 0, 124, 120, 59, 186, 205, 2, 56, 239, 24, 110, 201, 224, 76, 152, 231, 150, 34, 232, 103, 163, 127, 217, 72, 37, 158, 108, 26, 148, 192, 225, 103, 25, 31, 130, 74, 74, 254, 126, 87, 76, 246, 96, 166, 97, 73, 42, 213, 206, 57, 132, 46, 63, 85, 49, 113, 239, 47, 22, 27, 96, 232, 164, 46, 54, 6, 175, 192, 201, 78, 157, 151, 164, 145, 26, 172, 31, 51, 230, 219, 115, 151, 75, 91, 60, 179, 39, 196, 238, 17, 90, 26, 232, 98, 246, 100, 82, 49, 111, 91, 154, 106, 12, 128, 155, 237, 137, 173, 59, 132, 81, 188, 72, 58, 168, 201, 156, 73, 241, 131, 222, 235, 210, 184, 243, 130, 174, 66, 154, 182, 90, 237, 195, 139, 64, 9, 139, 203, 191, 78, 41, 121, 136, 106, 191, 157, 209, 173, 185, 45, 199, 8, 63, 236, 124, 174, 151, 83, 140, 25, 62, 71, 19, 132, 41, 99, 248, 189, 249, 159, 62, 209, 138, 163, 89, 100, 98, 104, 248, 86, 177, 0, 136, 108, 239, 81, 173, 215, 15, 146, 113, 55, 63, 165, 16, 226, 102, 3, 64, 91, 165, 20, 180, 26, 239, 245, 126, 156, 146, 23, 75, 47, 90, 54, 103, 62, 191, 166, 149, 215, 181, 33, 174, 103, 46, 6, 146, 228, 146, 119, 254, 95, 39, 157, 177, 157, 76, 109, 125, 249, 211, 17, 68, 247, 70, 65, 220, 9, 62, 209]
 Cluster [3]:
  [4, 0, 1, 0, 2, 25, 40, 13, 119, 73, 67, 28, 225, 61, 214, 229, 165, 246, 149, 243, 57, 134, 181, 237, 28, 129, 251, 31, 49, 185, 85, 62, 194, 93, 242, 72, 241, 245, 114, 186, 51, 100, 156, 41, 147, 198, 224, 67, 240, 83, 21, 179, 171, 214, 127, 225, 130, 163, 201, 192, 30, 9, 220, 190, 243, 5, 90, 132, 75, 141, 243, 176, 132, 219, 192, 212, 233, 140, 89, 85, 160, 184, 46, 221, 164, 162, 147, 236, 221, 17, 198, 78, 44, 177, 156, 42, 136, 222, 54, 142, 108, 92, 247, 98, 95, 100, 47, 207, 21, 171, 247, 246, 73, 115, 31, 102, 218, 254, 26, 81, 114, 110, 166, 57, 199, 165, 131, 210, 63, 149, 75, 11, 85, 203, 233, 68, 192, 204, 125, 63, 114, 195, 214, 50, 26, 208, 4, 184, 146, 53, 79, 138, 195, 228, 27, 253, 182, 190, 155, 186, 225, 93, 144, 128, 95, 235, 160, 126, 138, 219, 166, 14, 128, 218, 222, 175, 151, 115, 31, 247, 161, 203, 64, 9, 70, 193, 71, 113, 175, 235, 141, 1, 48, 195, 94, 20, 50, 86, 211, 46, 47, 133, 46, 182, 143, 64, 9, 233, 5, 108, 101, 67, 158, 164, 25, 21, 29, 135, 57, 157, 163, 47, 207, 158, 77, 164, 221, 189, 124, 202, 124, 65, 160, 240, 199, 27, 156, 137, 121, 5, 184, 94, 107, 67, 133, 74, 98, 140, 170, 72, 247, 171, 28]
 Cluster [4]:
  [4, 0, 1, 0, 125, 116, 229, 148, 19, 244, 192, 249, 28, 148, 1, 93, 130, 255, 232, 167, 230, 172, 215, 133, 49, 94, 251, 242, 111, 88, 207, 165, 134, 143, 57, 123, 138, 155, 29, 152, 50, 74, 77, 255, 73, 74, 233, 157, 11, 61, 165, 114, 86, 79, 22, 250, 185, 121, 31, 211, 121, 242, 36, 186, 37, 27, 114, 140, 91, 133, 211, 231, 226, 79, 116, 155, 95, 216, 60, 231, 117, 93, 231, 50, 178, 92, 78, 54, 120, 63, 193, 16, 123, 73, 31, 63, 38, 146, 218, 45, 215, 92, 66, 133, 106, 190, 144, 6, 219, 122, 155, 225, 60, 56, 94, 27, 11, 241, 7, 200, 204, 60, 20, 28, 195, 195, 108, 152, 48, 53, 117, 204, 254, 14, 15, 24, 27, 97, 200, 244, 203, 71, 91, 253, 164, 224, 211, 66, 234, 3, 52, 52, 139, 17, 97, 155, 72, 38, 193, 167, 82, 247, 214, 166, 5, 206, 226, 46, 41, 70, 0, 169, 41, 18, 253, 132, 224, 22, 119, 227, 239, 41, 174, 45, 0, 64, 65, 237, 173, 116, 207, 244, 159, 33, 162, 211, 113, 181, 247, 213, 253, 165, 25, 164, 2, 138, 10, 120, 19, 220, 186, 50, 174, 222, 183, 40, 73, 168, 165, 197, 141, 245, 128, 180, 118, 11, 9, 8, 112, 41, 19, 43, 30, 162, 229, 74, 15, 9, 42, 118, 53, 201, 217, 209, 185, 157, 70, 193, 105, 122, 138, 200, 16]
 Cluster [5]:
  [4, 0, 1, 0, 123, 248, 153, 230, 123, 36, 95, 13, 252, 248, 250, 230, 90, 190, 106, 185, 89, 183, 50, 72, 104, 133, 115, 230, 155, 182, 155, 82, 33, 14, 100, 200, 131, 210, 52, 93, 23, 130, 84, 115, 78, 178, 244, 229, 104, 27, 85, 94, 253, 40, 156, 111, 193, 189, 243, 248, 132, 178, 74, 197, 136, 12, 236, 238, 147, 50, 98, 135, 137, 12, 161, 214, 99, 191, 250, 182, 144, 142, 125, 127, 96, 61, 85, 249, 113, 244, 6, 197, 222, 59, 216, 100, 55, 142, 234, 65, 197, 6, 81, 54, 184, 205, 212, 240, 134, 197, 12, 2, 195, 61, 104, 246, 53, 203, 100, 75, 183, 243, 124, 159, 43, 157, 169, 78, 52, 60, 158, 212, 212, 184, 240, 137, 60, 70, 199, 146, 104, 101, 114, 171, 232, 4, 2, 160, 211, 225, 47, 108, 42, 159, 137, 209, 138, 177, 11, 27, 36, 134, 187, 73, 39, 55, 45, 10, 77, 222, 186, 238, 3, 209, 226, 82, 129, 208, 183, 38, 155, 8, 123, 82, 13, 50, 170, 53, 47, 30, 255, 138, 59, 172, 110, 226, 169, 40, 132, 177, 215, 247, 83, 244, 39, 64, 105, 88, 188, 55, 80, 186, 250, 228, 128, 28, 10, 104, 60, 245, 140, 247, 219, 46, 223, 47, 179, 87, 98, 0, 168, 88, 75, 6, 78, 163, 180, 135, 43, 204, 200, 81, 120, 247, 205, 69, 144, 87, 43, 82, 215, 64, 235]
 Cluster [6]:
  [4, 255, 254, 0, 125, 233, 201, 70, 122, 222, 90, 171, 248, 2, 142, 9, 36, 93, 5, 168, 103, 102, 126, 100, 130, 25, 123, 42, 218, 135, 63, 124, 115, 43, 183, 220, 233, 153, 98, 234, 121, 242, 5, 100, 225, 188, 157, 117, 130, 62, 249, 77, 53, 64, 102, 163, 243, 38, 142, 148, 110, 159, 108, 243, 159, 221, 56, 205, 75, 177, 31, 138, 250, 27, 47, 117, 96, 25, 130, 198, 124, 6, 167, 156, 141, 241, 71, 51, 197, 20, 232, 194, 10, 206, 124, 217, 133, 18, 196, 4, 132, 207, 41, 208, 30, 110, 83, 26, 16, 240, 66, 218, 164, 200, 24, 103, 247, 208, 101, 174, 150, 4, 8, 54, 201, 93, 127, 43, 158, 85, 239, 78, 85, 126, 65, 172, 220, 215, 125, 31, 158, 44, 34, 212, 210, 14, 30, 66, 182, 20, 226, 181, 173, 22, 109, 127, 199, 243, 7, 192, 238, 39, 123, 187, 1, 243, 133, 37, 134, 107, 138, 32, 82, 70, 15, 105, 226, 52, 100, 186, 63, 61, 117, 137, 115, 57, 161, 62, 17, 194, 228, 233, 208, 188, 48, 119, 177, 102, 210, 222, 137, 248, 187, 74, 138, 193, 98, 103, 6, 3, 156, 147, 142, 76, 129, 177, 177, 242, 72, 199, 82, 70, 20, 195, 134, 161, 80, 149, 21, 152, 184, 124, 97, 133, 49, 70, 129, 43, 255, 177, 215, 58, 55, 13, 38, 81, 90, 131, 59, 126, 197, 191, 30]
 Cluster [7]:
  [4, 0, 2, 0, 1, 251, 244, 180, 123, 123, 202, 177, 228, 82, 129, 80, 67, 37, 116, 139, 38, 9, 118, 195, 88, 33, 232, 150, 8, 63, 232, 247, 4, 107, 112, 9, 62, 60, 248, 129, 246, 27, 46, 200, 77, 34, 108, 126, 178, 162, 182, 104, 230, 252, 155, 207, 36, 128, 158, 163, 18, 93, 172, 59, 147, 211, 172, 121, 225, 120, 18, 7, 44, 242, 149, 10, 219, 174, 117, 53, 181, 106, 228, 102, 136, 128, 16, 8, 207, 161, 228, 190, 158, 85, 111, 152, 111, 242, 52, 122, 118, 242, 156, 58, 143, 175, 59, 244, 103, 144, 243, 118, 10, 104, 238, 168, 121, 69, 178, 19, 194, 164, 170, 64, 147, 84, 104, 215, 131, 252, 155, 232, 121, 250, 191, 194, 205, 169, 214, 216, 68, 28, 161, 62, 173, 110, 179, 54, 103, 198, 30, 41, 63, 32, 183, 209, 72, 92, 166, 59, 71, 100, 112, 106, 245, 11, 252, 16, 169, 43, 218, 207, 111, 218, 206, 166, 3, 107, 146, 37, 160, 50, 111, 188, 222, 114, 169, 89, 67, 237, 121, 113, 3, 155, 145, 224, 172, 54, 73, 162, 113, 163, 141, 59, 236, 78, 186, 101, 82, 17, 206, 220, 201, 129, 154, 21, 244, 179, 139, 131, 98, 163, 204, 187, 177, 105, 204, 212, 73, 238, 250, 204, 34, 239, 180, 253, 165, 52, 208, 143, 184, 67, 6, 50, 31, 157, 167, 130, 0, 123, 236, 248, 171]
 Cluster [8]:
  [4, 0, 2, 0, 125, 23, 3, 150, 157, 204, 130, 198, 239, 141, 46, 34, 59, 167, 23, 171, 236, 98, 139, 77, 224, 17, 90, 69, 184, 158, 89, 104, 153, 59, 130, 173, 254, 230, 32, 121, 233, 107, 248, 135, 98, 96, 110, 130, 159, 206, 143, 19, 154, 87, 247, 56, 135, 147, 236, 31, 188, 189, 222, 254, 114, 26, 45, 179, 10, 129, 35, 85, 135, 157, 193, 129, 106, 3, 234, 127, 163, 215, 165, 233, 15, 70, 205, 66, 67, 74, 38, 107, 250, 0, 188, 43, 140, 249, 20, 72, 51, 186, 120, 30, 170, 57, 140, 252, 149, 118, 206, 131, 168, 108, 124, 229, 24, 244, 239, 44, 76, 234, 112, 192, 90, 184, 91, 134, 224, 149, 244, 112, 238, 162, 76, 233, 95, 135, 63, 213, 185, 208, 172, 205, 124, 162, 194, 141, 132, 215, 19, 152, 10, 232, 252, 72, 74, 183, 195, 241, 222, 5, 28, 255, 130, 93, 149, 6, 31, 147, 133, 145, 181, 25, 115, 123, 62, 162, 68, 183, 246, 205, 2, 8, 130, 92, 102, 6, 166, 3, 158, 167, 195, 77, 247, 180, 180, 172, 75, 30, 13, 188, 109, 240, 82, 129, 226, 240, 116, 128, 10, 167, 115, 11, 251, 16, 2, 19, 125, 38, 246, 143, 96, 28, 244, 221, 206, 104, 33, 191, 199, 145, 87, 37, 170, 57, 95, 17, 182, 0, 121, 117, 145, 37, 249, 247, 52, 183, 81, 231, 177, 160, 47]
 Cluster [9]:
  [4, 0, 2, 0, 124, 212, 232, 31, 248, 19, 122, 119, 49, 156, 216, 122, 71, 217, 73, 203, 230, 224, 107, 183, 44, 185, 220, 134, 164, 99, 109, 135, 75, 42, 250, 79, 240, 250, 36, 54, 202, 95, 143, 210, 206, 233, 46, 212, 197, 167, 103, 73, 98, 121, 129, 109, 149, 160, 104, 0, 247, 97, 123, 149, 166, 242, 43, 6, 162, 137, 137, 77, 180, 18, 1, 135, 80, 153, 233, 67, 139, 7, 193, 252, 251, 36, 36, 210, 168, 141, 185, 80, 145, 36, 62, 104, 228, 250, 44, 219, 189, 40, 50, 59, 30, 25, 148, 79, 119, 250, 28, 252, 183, 36, 117, 239, 160, 126, 153, 129, 205, 89, 93, 21, 208, 56, 188, 144, 211, 152, 162, 86, 108, 13, 134, 99, 213, 133, 222, 226, 143, 213, 90, 173, 112, 188, 153, 109, 175, 78, 200, 101, 96, 170, 13, 100, 202, 29, 107, 229, 93, 3, 123, 223, 88, 198, 144, 169, 158, 18, 26, 26, 160, 183, 241, 248, 254, 175, 164, 20, 159, 79, 225, 133, 208, 60, 245, 194, 0, 34, 152, 184, 25, 249, 132, 140, 90, 123, 85, 170, 44, 240, 206, 157, 52, 173, 197, 168, 184, 21, 101, 26, 120, 87, 69, 14, 34, 246, 14, 27, 208, 205, 169, 123, 121, 98, 0, 167, 50, 101, 158, 130, 90, 250, 231, 175, 128, 68, 80, 35, 119, 76, 9, 235, 188, 126, 63, 194, 179, 118, 105, 99, 109]
