RuleID [1000055]:
 Cluster [0]:
  [1, 4, 255, 255, 0, 2, 195, 185, 106, 165, 255, 9, 248, 183, 143, 207, 35, 52, 155, 41, 200, 154, 10, 193, 233, 152, 69, 76, 138, 174, 184, 147, 73, 239, 157, 34, 237, 207, 168, 159, 158, 232, 136, 99, 225, 253, 118, 117, 85, 47, 89, 153, 225, 98, 227, 52, 45, 213, 2, 64, 247, 118, 47, 187, 237, 108, 191, 9, 25, 109, 226, 84, 139, 251, 138, 223, 17, 167, 224, 235, 33, 208, 246, 90, 85, 31, 177, 230, 11, 105, 245, 23, 204, 104, 168, 39, 185, 204, 118, 116, 61, 109, 91, 231, 77, 4, 13, 229, 216, 4, 34, 133, 245, 22, 30, 39, 128, 213, 101, 206, 187, 217, 253, 176, 120, 202, 136, 34, 83, 99, 37, 69, 49, 107, 174, 180, 116, 15, 12, 80, 17, 204, 14, 7, 70, 111, 34, 181, 74, 129, 167, 228, 102, 168, 185, 100, 111, 171, 110, 131, 124, 235, 145, 116, 222, 221, 84, 137, 104, 105, 178, 113, 200, 21, 188, 238, 202, 246, 105, 8, 167, 210, 216, 210, 188, 65, 222, 137, 177, 73, 69, 200, 160, 136, 211, 37, 58, 153, 40, 105, 27, 152, 77, 224, 206, 53, 27, 81, 235, 202, 153, 121, 65, 102, 219, 170, 18, 190, 184, 157, 254, 203, 215, 31, 36, 234, 208, 63, 65, 151, 180, 49, 205, 0, 237, 15, 132, 247, 4, 134, 37, 141, 157, 231, 175, 203, 134, 58, 173, 41, 18, 123, 225, 139]
 Cluster [1]:
  [1, 4, 255, 255, 0, 125, 170, 144, 79, 6, 122, 57, 220, 222, 84, 251, 95, 89, 68, 18, 233, 178, 157, 159, 168, 34, 115, 18, 122, 230, 73, 111, 12, 192, 201, 67, 163, 155, 1, 246, 251, 104, 186, 108, 196, 177, 196, 155, 174, 231, 51, 25, 94, 95, 155, 29, 184, 37, 130, 76, 128, 151, 22, 105, 189, 10, 44, 28, 21, 16, 88, 195, 88, 77, 22, 129, 247, 49, 219, 247, 93, 215, 100, 147, 179, 47, 17, 173, 36, 171, 138, 125, 24, 180, 117, 100, 81, 81, 174, 185, 132, 168, 134, 158, 143, 111, 193, 16, 72, 26, 38, 135, 74, 139, 239, 169, 51, 130, 181, 142, 249, 127, 247, 105, 133, 218, 171, 164, 216, 177, 47, 165, 131, 33, 114, 181, 80, 197, 4, 67, 110, 1, 100, 10, 133, 3, 51, 141, 197, 204, 49, 207, 155, 31, 192, 5, 176, 29, 24, 181, 195, 29, 56, 151, 234, 129, 3, 41, 24, 58, 89, 109, 126, 114, 32, 247, 26, 237, 228, 129, 166, 29, 222, 11, 128, 96, 9, 99, 96, 109, 4, 51, 173, 79, 127, 81, 201, 205, 31, 4, 0, 9, 116, 138, 115, 195, 80, 41, 255, 201, 234, 195, 57, 150, 14, 166, 62, 44, 22, 138, 119, 160, 201, 170, 53, 37, 192, 47, 242, 207, 46, 77, 205, 223, 129, 157, 169, 83, 152, 188, 15, 223, 100, 151, 130, 65, 250, 22, 65, 217, 18, 156, 183, 149]
 Cluster [2]:
  [1, 4, 255, 255, 0, 123, 134, 0, 254, 174, 57, 9, 210, 79, 59, 98, 142, 145, 211, 183, 93, 253, 11, 161, 243, 232, 186, 41, 134, 139, 236, 20, 26, 135, 194, 184, 11, 221, 54, 107, 193, 173, 202, 5, 149, 77, 215, 97, 18, 54, 109, 39, 54, 14, 54, 231, 27, 96, 81, 212, 81, 93, 122, 114, 193, 36, 238, 75, 140, 130, 86, 177, 91, 103, 245, 175, 51, 5, 11, 166, 16, 89, 22, 79, 29, 197, 222, 11, 81, 219, 157, 170, 139, 97, 26, 99, 51, 87, 67, 112, 94, 140, 212, 143, 223, 188, 203, 206, 24, 134, 179, 21, 85, 171, 196, 248, 70, 42, 85, 252, 70, 226, 249, 177, 229, 172, 37, 250, 77, 146, 123, 219, 194, 154, 71, 131, 132, 134, 112, 96, 249, 16, 242, 202, 39, 135, 85, 223, 157, 34, 28, 9, 1, 71, 42, 124, 147, 35, 170, 51, 150, 209, 128, 134, 10, 216, 83, 186, 100, 64, 115, 192, 186, 244, 2, 53, 239, 47, 137, 93, 87, 70, 92, 43, 117, 114, 218, 123, 111, 203, 240, 96, 219, 60, 202, 39, 143, 108, 191, 79, 52, 154, 122, 93, 174, 92, 79, 12, 68, 245, 140, 99, 153, 77, 220, 80, 117, 85, 17, 152, 253, 215, 74, 153, 79, 19, 228, 125, 42, 218, 165, 131, 111, 58, 40, 188, 203, 255, 124, 24, 34, 205, 54, 122, 62, 140, 198, 142, 95, 121, 178, 58, 90, 39]
 Cluster [3]:
  [1, 4, 0, 1, 0, 125, 71, 21, 181, 223, 146, 239, 20, 191, 189, 150, 235, 124, 106, 195, 144, 4, 79, 160, 120, 134, 161, 126, 202, 18, 132, 58, 195, 25, 149, 25, 175, 208, 236, 77, 20, 154, 249, 139, 59, 245, 197, 248, 89, 213, 187, 226, 197, 62, 178, 147, 111, 116, 84, 187, 156, 200, 75, 162, 91, 88, 43, 251, 42, 164, 230, 27, 144, 29, 174, 246, 10, 195, 100, 131, 193, 168, 37, 245, 86, 161, 116, 132, 103, 1, 170, 59, 124, 48, 177, 76, 78, 87, 48, 227, 201, 202, 206, 180, 238, 160, 82, 168, 144, 187, 137, 172, 15, 209, 249, 243, 163, 86, 75, 185, 227, 167, 147, 40, 250, 170, 159, 95, 107, 98, 167, 179, 146, 129, 185, 247, 218, 112, 6, 182, 79, 203, 244, 171, 120, 253, 44, 171, 55, 189, 168, 248, 11, 119, 255, 34, 54, 165, 186, 67, 1, 243, 61, 46, 20, 213, 25, 141, 23, 2, 25, 50, 79, 149, 105, 24, 178, 231, 175, 252, 126, 244, 40, 173, 185, 175, 168, 26, 130, 151, 193, 52, 181, 194, 180, 92, 142, 198, 151, 162, 228, 159, 147, 53, 164, 118, 169, 117, 14, 231, 111, 79, 245, 190, 197, 13, 202, 143, 116, 101, 45, 254, 11, 128, 65, 228, 125, 140, 224, 13, 137, 236, 79, 13, 23, 223, 96, 243, 9, 67, 6, 50, 12, 155, 40, 114, 63, 246, 253, 167, 145, 255, 81, 50]
 Cluster [4]:
  [1, 4, 255, 254, 0, 125, 99, 40, 184, 8, 180, 207, 223, 194, 88, 181, 120, 54, 22, 129, 208, 116, 49, 142, 156, 120, 218, 116, 38, 54, 227, 195, 122, 39, 26, 65, 169, 119, 154, 160, 99, 119, 35, 5, 205, 199, 156, 240, 192, 64, 222, 63, 143, 33, 117, 48, 159, 141, 204, 213, 86, 239, 1, 130, 37, 240, 85, 184, 167, 22, 12, 0, 156, 117, 30, 89, 81, 43, 193, 213, 219, 233, 179, 230, 87, 163, 52, 89, 178, 234, 161, 27, 171, 197, 74, 116, 118, 160, 224, 220, 114, 228, 72, 170, 51, 222, 163, 25, 3, 27, 223, 116, 204, 246, 249, 108, 59, 27, 43, 129, 188, 252, 6, 189, 117, 240, 85, 214, 43, 169, 227, 176, 75, 229, 99, 247, 160, 9, 178, 121, 255, 26, 85, 150, 11, 45, 79, 180, 203, 221, 57, 90, 117, 94, 31, 117, 222, 139, 52, 67, 136, 204, 238, 90, 56, 46, 40, 230, 147, 2, 204, 49, 104, 177, 129, 161, 166, 111, 177, 72, 161, 161, 11, 77, 111, 136, 59, 237, 197, 237, 25, 20, 213, 111, 240, 51, 44, 251, 94, 221, 4, 104, 32, 200, 17, 7, 242, 195, 220, 126, 207, 110, 218, 236, 161, 231, 193, 160, 234, 175, 243, 58, 33, 165, 233, 183, 92, 249, 193, 78, 117, 170, 17, 212, 67, 57, 128, 67, 60, 103, 150, 119, 16, 71, 30, 170, 58, 233, 206, 9, 114, 139, 17, 174]
 Cluster [5]:
  [1, 4, 255, 254, 0, 124, 188, 107, 168, 75, 60, 184, 79, 10, 41, 8, 221, 97, 236, 20, 68, 76, 89, 190, 198, 230, 124, 107, 116, 69, 185, 182, 6, 41, 202, 127, 69, 132, 58, 65, 3, 60, 210, 7, 20, 54, 227, 191, 232, 81, 32, 89, 160, 183, 120, 217, 149, 44, 186, 20, 82, 81, 246, 98, 146, 134, 177, 38, 64, 170, 195, 89, 38, 171, 17, 8, 122, 82, 169, 143, 2, 189, 131, 35, 36, 95, 21, 78, 177, 240, 233, 24, 202, 37, 238, 177, 69, 112, 117, 142, 133, 189, 127, 62, 142, 199, 50, 245, 166, 112, 95, 67, 130, 43, 17, 149, 205, 211, 61, 50, 112, 98, 116, 79, 193, 170, 142, 0, 188, 95, 194, 9, 221, 26, 10, 69, 62, 68, 149, 92, 44, 31, 168, 65, 144, 165, 149, 159, 19, 89, 228, 114, 50, 66, 29, 34, 72, 47, 124, 227, 56, 49, 57, 70, 173, 85, 102, 103, 32, 204, 87, 137, 61, 224, 6, 80, 185, 51, 191, 27, 20, 239, 237, 98, 123, 80, 214, 155, 252, 231, 252, 14, 199, 177, 35, 250, 230, 98, 147, 58, 63, 45, 126, 71, 2, 91, 52, 81, 59, 205, 105, 21, 111, 97, 207, 73, 68, 214, 202, 93, 126, 203, 107, 57, 208, 72, 193, 139, 189, 11, 105, 87, 159, 132, 220, 230, 113, 166, 96, 32, 27, 133, 95, 47, 126, 231, 158, 102, 226, 218, 181, 16, 151, 54]
 Cluster [6]:
  [1, 4, 255, 253, 0, 125, 212, 69, 15, 193, 248, 166, 178, 159, 13, 35, 93, 166, 116, 127, 187, 133, 27, 195, 39, 210, 126, 78, 243, 144, 119, 7, 134, 232, 16, 23, 46, 97, 138, 249, 34, 115, 33, 132, 211, 81, 99, 98, 41, 163, 80, 71, 51, 19, 252, 109, 108, 20, 105, 204, 141, 134, 82, 126, 74, 241, 32, 201, 142, 245, 245, 251, 28, 123, 92, 71, 100, 150, 240, 214, 110, 27, 37, 80, 63, 47, 211, 114, 236, 163, 171, 25, 247, 189, 107, 156, 33, 162, 57, 226, 49, 154, 212, 51, 173, 84, 43, 184, 183, 180, 8, 213, 36, 147, 94, 114, 97, 2, 62, 26, 29, 173, 221, 235, 74, 220, 4, 94, 15, 192, 38, 194, 92, 13, 165, 212, 71, 241, 162, 235, 4, 27, 187, 55, 155, 213, 244, 100, 95, 248, 59, 31, 99, 31, 197, 131, 189, 233, 232, 209, 80, 204, 168, 246, 142, 70, 120, 23, 238, 138, 43, 111, 95, 83, 21, 1, 242, 166, 79, 116, 231, 159, 255, 23, 133, 6, 94, 61, 72, 33, 23, 94, 8, 208, 154, 56, 114, 196, 168, 84, 92, 221, 118, 212, 205, 204, 191, 15, 9, 195, 144, 23, 153, 116, 233, 177, 204, 145, 113, 135, 231, 59, 206, 204, 115, 204, 102, 142, 185, 221, 143, 46, 253, 251, 23, 9, 41, 43, 73, 185, 71, 79, 52, 132, 145, 255, 197, 148, 231, 232, 108, 224, 83, 33]
 Cluster [7]:
  [1, 4, 255, 253, 0, 123, 118, 237, 171, 35, 30, 236, 15, 28, 57, 144, 179, 27, 4, 142, 178, 30, 6, 89, 6, 40, 176, 65, 101, 250, 60, 62, 181, 65, 121, 229, 154, 166, 104, 1, 126, 249, 28, 223, 189, 99, 196, 16, 243, 236, 55, 80, 157, 160, 87, 250, 139, 196, 230, 37, 92, 53, 135, 177, 230, 224, 55, 205, 163, 83, 245, 13, 179, 3, 16, 184, 2, 39, 155, 162, 100, 160, 77, 121, 194, 235, 160, 20, 234, 126, 89, 214, 191, 67, 164, 72, 114, 107, 248, 221, 44, 246, 109, 159, 247, 42, 156, 153, 143, 158, 248, 99, 40, 67, 192, 188, 231, 14, 238, 251, 64, 34, 227, 36, 250, 31, 78, 112, 95, 199, 70, 150, 47, 190, 118, 110, 50, 174, 129, 152, 79, 7, 132, 75, 134, 245, 173, 123, 130, 231, 97, 99, 124, 253, 157, 9, 18, 73, 165, 216, 220, 44, 58, 200, 88, 97, 52, 105, 205, 82, 137, 56, 141, 86, 171, 57, 157, 152, 158, 4, 113, 210, 237, 120, 102, 226, 26, 50, 33, 109, 91, 233, 9, 169, 187, 34, 204, 188, 243, 36, 193, 67, 174, 48, 93, 40, 214, 37, 81, 99, 107, 122, 171, 161, 102, 10, 62, 193, 97, 117, 71, 2, 72, 96, 246, 160, 47, 227, 154, 136, 108, 225, 165, 121, 66, 46, 35, 189, 26, 61, 12, 244, 224, 189, 1, 225, 62, 103, 67, 177, 228, 10, 90, 125]
