RuleID [1000086]:
 Cluster [0]:
  [0, 0, 1]
  [0, 0, 1]
  [0, 0, 1]
  [0, 0, 1]
  [0, 0, 1]
 Cluster [1]:
  [0, 0, 125]
  [0, 0, 125]
  [0, 0, 125]
  [0, 0, 125]
  [0, 0, 125]
 Cluster [2]:
  [0, 0, 124]
  [0, 0, 124]
  [0, 0, 124]
  [0, 0, 124]
  [0, 0, 124]
 Cluster [3]:
  [1, 0, 2]
  [1, 0, 2]
  [1, 0, 2]
  [1, 0, 2]
  [1, 0, 2]
 Cluster [4]:
  [1, 0, 125]
  [1, 0, 125]
  [1, 0, 125]
  [1, 0, 125]
  [1, 0, 125]
 Cluster [5]:
  [1, 0, 123]
  [1, 0, 123]
  [1, 0, 123]
  [1, 0, 123]
  [1, 0, 123]
 Cluster [6]:
  [2, 0, 1]
  [2, 0, 1]
  [2, 0, 1]
  [2, 0, 1]
  [2, 0, 1]
 Cluster [7]:
  [2, 0, 125]
  [2, 0, 125]
  [2, 0, 125]
  [2, 0, 125]
  [2, 0, 125]
 Cluster [8]:
  [2, 0, 124]
  [2, 0, 124]
  [2, 0, 124]
  [2, 0, 124]
  [2, 0, 124]
