[129, 0]
[129, 0, 0]
[129, 0, 1]
[129, 0, 1, 0]
[129, 0, 4]
[129, 10, 0, 1]
[129, 10, 0, 1, 0]
[129, 0, 12]
[129, 12]
[129, 10, 0, 1, 4]
[129, 10, 0, 1, 4, 0]
[129, 10, 0, 1, 4, 12]
[129, 10, 0, 1, 12]
[129, 10, 0, 12]
[129, 0, 12, 0]
[129, 12, 0]
[129, 10, 0, 1, 4, 0, 12]
[129, 10, 0, 1, 4, 12, 0]
[129, 10, 0, 1, 12, 0]
[129, 10, 0, 12, 0]
[129, 10, 0, 1, 0, 0]
[129, 10, 0, 1, 4, 0, 0]
[129, 10, 0, 1, 4, 0, 12, 0]
[129, 10, 0, 1, 4, 12, 12]
[129, 10, 0, 1, 12, 12]
[129, 10, 0, 12, 12]
[129, 12, 12]
[129, 10, 0, 1, 4, 0, 12, 12]
[129, 10, 0, 1, 4, 12, 12, 0]
[129, 10, 0, 1, 12, 12, 0]
[129, 10, 0, 12, 12, 0]
[129, 12, 12, 0]
[129, 10, 0, 1, 4, 0, 12, 12, 0]
[129, 5]
[129, 10, 0, 1, 4, 0, 3]
[129, 10, 0, 1, 4, 0, 3, 0]
[129, 10, 0, 1, 4, 0, 3, 12, 0]
[129, 10, 0, 1, 4, 0, 3, 12, 12, 0]
[129, 10, 0, 17, 0]
[129, 10, 0, 17, 12, 12]
[129, 10, 0, 17, 1]
[129, 10, 0, 17, 1, 4]
[129, 10, 0, 17, 1, 4, 0]
[129, 10, 0, 17, 1, 4, 12, 12]
[129, 10, 0, 17, 1, 12, 12]
[129, 10, 0, 17, 12, 12, 0]
[129, 10, 0, 1, 0, 5]
[129, 10, 0, 1, 4, 0, 5]
[129, 10, 0, 17, 1, 4, 0, 12, 12]
[129, 10, 0, 17, 1, 4, 12, 12, 0]
[129, 10, 0, 17, 1, 4, 0, 12, 12, 0]
[129, 10, 0, 1, 4, 12, 0, 0]
[129, 10, 0, 12, 0, 0]
[129, 12, 0, 0]
[129, 10, 0, 1, 4, 0, 12, 0, 0]
[129, 2]
[129, 0, 2]
[129, 10, 0, 1, 2]
[129, 10, 0, 2]
[129, 10, 0, 1, 4, 2]
[129, 10, 0, 1, 4, 12, 2]
[129, 10, 0, 1, 12, 2]
[129, 10, 0, 12, 2]
[129, 12, 2]
[129, 10, 0, 1, 4, 12, 12, 2]
[129, 10, 0, 1, 12, 12, 2]
[129, 10, 0, 12, 12, 2]
[129, 12, 12, 2]
[129, 0, 0, 2]
[129, 10, 0, 1, 0, 2]
[129, 10, 0, 17, 1, 4, 0, 3]
[129, 10, 0, 17, 1, 4, 0, 12, 12, 0, 0]
[129, 12, 12, 0, 0]
[129, 5, 0]
[129, 10, 0, 1, 4, 0, 2]
[129, 10, 0, 1, 4, 0, 12, 2]
[129, 10, 0, 1, 4, 0, 12, 12, 2]
[129, 10, 0, 17, 1, 4, 0, 3, 0]
[129, 10, 0, 17, 1, 4, 0, 3, 12, 12, 0]
[129, 5, 0, 0]
[129, 10, 0, 19, 0, 0]
[129, 10, 0, 19, 12, 0]
[129, 10, 0, 19, 1]
[129, 10, 0, 19, 1, 0]
[129, 10, 0, 19, 1, 0, 0]
[129, 10, 0, 19, 1, 4]
[129, 10, 0, 19, 1, 4, 0, 0]
[129, 10, 0, 19, 1, 4, 12, 0]
[129, 10, 0, 19, 1, 12, 0]
[129, 10, 0, 19, 1, 0, 5]
[129, 10, 0, 19, 1, 4, 0, 5]
[129, 10, 0, 19, 1, 4, 0, 12, 0]
[129, 10, 0, 1, 4, 12, 5]
[129, 10, 0, 1, 12, 5]
[129, 10, 0, 12, 5]
[129, 10, 0, 1, 4, 0, 3, 2]
[129, 10, 0, 1, 4, 0, 3, 12, 12, 2]
[129, 2, 0]
[129, 10, 0, 1, 2, 0]
[129, 10, 0, 1, 4, 0, 3, 0, 0]
[129, 10, 0, 1, 4, 0, 12, 5]
[129, 10, 0, 1, 4, 2, 0]
[129, 10, 0, 2, 0]
[129, 10, 0, 1, 1]
[129, 10, 0, 1, 4, 12, 12, 0, 5]
[129, 10, 0, 1, 12, 12, 0, 5]
[129, 10, 0, 12, 12, 0, 5]
[129, 10, 0, 1, 0, 1]
[129, 10, 0, 1, 4, 0, 3, 12, 0, 0]
[129, 10, 0, 1, 4, 1]
[129, 10, 0, 1, 4, 12, 12, 2, 0, 5, 57]
[129, 10, 0, 1, 12, 12, 2, 0, 5, 57]
[129, 10, 0, 12, 12, 2, 0, 5, 57]
[129, 10, 0, 1, 4, 0, 1]
[129, 10, 0, 17, 1, 4, 0, 3, 0, 0]
[129, 10, 0, 17, 1, 4, 0, 3, 12, 12, 0, 0]
[129, 10, 0, 19, 0, 3]
[129, 10, 0, 19, 1, 4, 0, 12, 5]
[129, 10, 0, 19, 1, 12, 5]
[129, 10, 0, 19, 1, 4, 0, 3]
[129, 10, 0, 1, 4, 0, 3, 2, 0]
[129, 10, 0, 1, 4, 0, 3, 12, 12, 0, 5]
[129, 10, 0, 19, 1, 4, 0, 3, 0]
[129, 10, 0, 1, 4, 0, 3, 12, 12, 2, 0, 5, 57]
[129, 0, 12, 1]
[129, 10, 0, 1, 4, 0, 5, 12]
[129, 10, 0, 19, 1, 2]
[129, 10, 0, 19, 1, 4, 2]
[129, 10, 0, 1, 4, 12, 1]
[129, 10, 0, 12, 1]
[129, 10, 0, 19, 1, 2, 0]
[129, 10, 0, 19, 1, 4, 0, 2]
[129, 10, 0, 19, 1, 4, 0, 3, 12, 0]
[129, 10, 0, 19, 1, 4, 0, 12, 2]
[129, 10, 0, 19, 1, 4, 2, 0]
[129, 10, 0, 19, 1, 12, 2]
[129, 10, 0, 19, 12, 12, 0]
[129, 10, 0, 1, 4, 0, 12, 1]
[129, 10, 0, 17, 1, 4, 0, 1]
[129, 10, 0, 19, 1, 4, 0, 3, 12, 12, 2, 0, 5, 57]
[129, 10, 0, 19, 1, 12, 12, 2, 0, 5, 57]
[129, 10, 0, 1, 4, 0, 12, 0, 0, 0]
[129, 12, 0, 0, 0]
[129, 10, 0, 17, 0, 5]
[129, 10, 0, 1, 4, 0, 5, 0]
[129, 10, 0, 1, 4, 0, 5, 12, 0]
[129, 10, 0, 17, 1, 4, 0, 12, 12, 0, 0, 0]
[129, 12, 12, 0, 0, 0]
[129, 10, 0, 17, 1, 4, 0, 5]
[129, 6]
[129, 10, 0, 17, 1, 4, 0, 12, 12, 1]
[129, 0, 6]
[129, 6, 0]
[129, 0, 6, 0]
[129, 10, 0, 17, 2]
[129, 5, 0, 6, 0, 100]
[129, 10, 0, 17, 12, 12, 2]
[129, 10, 0, 1, 4, 64, 0]
[129, 10, 0, 1, 64, 0]
[129, 10, 0, 17, 1, 2]
[129, 10, 0, 17, 1, 4, 2]
[129, 10, 0, 64, 0]
[129, 10, 0, 1, 4, 0, 3, 1]
[129, 10, 0, 1, 4, 0, 5, 0, 0]
[129, 10, 0, 1, 4, 0, 5, 12, 0, 0]
[129, 10, 0, 1, 4, 0, 64, 0]
[129, 10, 0, 1, 4, 12, 64, 0]
[129, 10, 0, 12, 64, 0]
[129, 10, 0, 17, 1, 4, 12, 12, 2]
[129, 10, 0, 17, 1, 12, 12, 2]
[129, 10, 0, 1, 4, 0, 12, 64, 0]
[129, 10, 0, 17, 1, 4, 0, 3, 1]
[129, 10, 0, 17, 1, 4, 0, 3, 12, 12, 1]
[129, 10, 0, 17, 1, 4, 0, 5, 12, 12]
[129, 10, 0, 17, 1, 4, 0, 2]
[129, 10, 0, 1, 0, 0, 1]
[129, 10, 0, 1, 4, 0, 0, 1]
[129, 10, 0, 1, 4, 0, 12, 0, 1]
[129, 10, 0, 1, 4, 0, 12, 3]
[129, 10, 0, 1, 4, 0, 128, 0]
[129, 10, 0, 17, 1, 4, 0, 12, 12, 2]
[129, 10, 0, 1, 4, 0, 3, 12, 0, 0, 0]
[129, 10, 0, 1, 4, 0, 12, 128, 0]
[129, 10, 0, 17, 1, 4, 0, 3, 12, 12, 0, 0, 0]
[129, 0, 12, 1, 0]
[129, 10, 0, 1, 4, 1, 0]
[129, 10, 0, 17, 1, 4, 0, 5, 12, 12, 0, 0]
[129, 10, 0, 1, 4, 0, 1, 0]
[129, 10, 0, 1, 4, 0, 3, 64, 0]
[129, 10, 0, 1, 4, 12, 1, 0]
[129, 10, 0, 12, 1, 0]
[129, 10, 0, 17, 1, 4, 0, 12, 12, 3]
[129, 10, 0, 17, 1, 4, 0, 64, 0]
[129, 10, 0, 17, 1, 64, 0]
[129, 10, 0, 1, 4, 0, 12, 1, 0]
[129, 10, 0, 17, 1, 4, 0, 3, 12, 12, 64, 0]
[129, 10, 0, 17, 1, 4, 0, 3, 64, 0]
[129, 10, 0, 17, 1, 4, 0, 12, 12, 0, 1]
[129, 10, 0, 1, 4, 0, 3, 1, 0]
[129, 10, 0, 1, 4, 0, 12, 0, 0, 1]
[129, 10, 0, 17, 1, 4, 0, 12, 12, 128, 0]
[129, 10, 0, 17, 1, 4, 0, 128, 0]
[129, 10, 0, 1, 4, 0, 0, 3]
[129, 10, 0, 1, 4, 0, 5, 1]
[129, 10, 0, 1, 4, 0, 12, 0, 3]
[129, 10, 0, 17, 1, 4, 0, 3, 12, 12, 1, 0]
[129, 10, 0, 1, 0, 0, 2]
[129, 10, 0, 1, 4, 0, 3, 3]
[129, 10, 0, 1, 4, 0, 12, 0, 0, 2]
[129, 10, 0, 17, 1, 4, 0, 12, 12, 0, 0, 1]
[129, 12, 0, 0, 2]
[129, 10, 0, 1, 4, 0, 5, 12, 0, 0, 0]
[129, 10, 0, 1, 4, 0, 12, 0, 128, 0]
[129, 10, 0, 14, 12, 0]
[129, 10, 0, 17, 1, 4, 0, 3, 12, 12, 3]
[129, 10, 0, 17, 1, 4, 0, 12, 12, 0, 0, 2]
[129, 10, 0, 17, 1, 4, 0, 12, 12, 0, 3]
[129, 10, 0, 19, 1, 4, 14, 12, 0]
[129, 12, 12, 0, 0, 2]
[129, 10, 0, 1, 4, 12, 1, 64, 0]
[129, 10, 0, 12, 1, 64, 0]
[129, 10, 0, 19, 1, 4, 0, 5, 0]
[129, 10, 0, 19, 1, 4, 0, 5, 14, 12, 0]
[129, 10, 0, 1, 4, 0, 5, 12, 2]
[129, 10, 0, 1, 4, 0, 5, 128, 0]
[129, 10, 0, 1, 4, 0, 12, 0, 0, 0, 0]
[129, 10, 0, 1, 4, 0, 12, 1, 64, 0]
[129, 10, 0, 17, 1, 4, 0, 5, 12, 12, 0, 0, 0]
[129, 10, 0, 17, 1, 4, 0, 12, 12, 0, 0, 3]
[129, 10, 0, 17, 1, 4, 0, 12, 12, 0, 128, 0]
[129, 10, 0, 17, 1, 4, 0, 3, 0, 1]
[129, 10, 0, 17, 1, 4, 0, 3, 12, 12, 0, 1]
[129, 10, 0, 17, 1, 4, 0, 5, 12, 12, 2]
[129, 10, 0, 17, 1, 4, 0, 12, 12, 0, 0, 0, 0]
[129, 10, 0, 1, 4, 0, 3, 0, 3]
[129, 10, 0, 1, 4, 0, 3, 12, 0, 0, 0, 0]
[129, 10, 0, 1, 4, 0, 3, 128, 0]
[129, 10, 0, 1, 4, 0, 5, 12, 1]
[129, 10, 0, 1, 4, 0, 5, 12, 128, 0]
[129, 10, 0, 17, 1, 4, 0, 3, 2]
[129, 10, 0, 17, 1, 4, 0, 3, 12, 12, 1, 64, 0]
[129, 10, 0, 17, 1, 4, 0, 5, 1]
[129, 10, 0, 1, 4, 0, 5, 0, 1]
[129, 10, 0, 1, 4, 0, 5, 12, 0, 1]
[129, 10, 0, 17, 1, 4, 0, 3, 0, 3]
[129, 10, 0, 17, 1, 4, 0, 3, 12, 12, 0, 0, 0, 0]
[129, 10, 0, 17, 1, 4, 0, 3, 12, 12, 0, 3]
[129, 10, 0, 17, 1, 4, 0, 3, 12, 12, 2]
[129, 10, 0, 1, 0, 1, 2]
[129, 10, 0, 1, 4, 0, 5, 12, 0, 128, 0]
[129, 10, 0, 17, 1, 4, 0, 3, 12, 12, 0, 0, 1]
[129, 10, 0, 17, 1, 4, 0, 3, 12, 12, 128, 0]
[129, 10, 0, 17, 1, 4, 0, 3, 128, 0]
[129, 10, 0, 17, 2, 0]
[129, 10, 0, 17, 12, 12, 0, 5]
[129, 10, 0, 1, 4, 0, 1, 2]
[129, 10, 0, 1, 4, 0, 5, 3]
[129, 10, 0, 1, 4, 0, 5, 64, 0]
[129, 10, 0, 1, 4, 0, 12, 128, 0, 1]
[129, 10, 0, 1, 4, 0, 128, 0, 1]
[129, 10, 0, 14, 12, 64, 0]
[129, 10, 0, 17, 1, 4, 0, 3, 12, 12, 0, 0, 3]
[129, 10, 0, 17, 12, 12, 2, 0, 5, 57]
[129, 10, 0, 19, 1, 4, 14, 12, 64, 0]
[129, 10, 0, 19, 1, 64, 0]
[129, 10, 0, 19, 12, 0, 0]
[129, 10, 0, 1, 4, 0, 5, 12, 0, 0, 1]
[129, 10, 0, 1, 4, 0, 5, 12, 0, 0, 2]
[129, 10, 0, 1, 4, 0, 5, 12, 3]
[129, 10, 0, 1, 4, 0, 12, 3, 0]
[129, 10, 0, 14, 12, 0, 0]
[129, 10, 0, 17, 1, 4, 0, 1, 2]
[129, 10, 0, 17, 1, 4, 0, 3, 12, 12, 0, 0, 2]
[129, 10, 0, 17, 1, 4, 0, 5, 12, 12, 0, 128, 0]
[129, 10, 0, 17, 1, 4, 0, 12, 12, 128, 0, 1]
[129, 10, 0, 17, 1, 4, 0, 128, 0, 1]
[129, 10, 0, 17, 1, 4, 2, 0]
[129, 10, 0, 17, 1, 4, 12, 12, 0, 5]
[129, 10, 0, 19, 1, 4, 0, 5, 14, 12, 64, 0]
[129, 10, 0, 19, 1, 4, 0, 5, 64, 0]
[129, 10, 0, 19, 1, 4, 0, 64, 0]
[129, 10, 0, 19, 1, 4, 14, 12, 0, 0]
[129, 0, 1, 0, 255]
[129, 0, 1, 255]
[129, 10, 0, 1, 4, 0, 12, 0, 64, 0]
[129, 10, 0, 1, 4, 0, 12, 0, 128, 0, 1]
[129, 10, 0, 1, 4, 0, 64, 0, 1]
[129, 10, 0, 1, 4, 12, 1, 0, 0]
[129, 10, 0, 1, 4, 64, 0, 0]
[129, 10, 0, 1, 64, 0, 0]
[129, 10, 0, 1, 64, 0, 1]
[129, 10, 0, 12, 1, 0, 0]
[129, 10, 0, 17, 1, 4, 0, 5, 12, 12, 0, 0, 2]
[129, 10, 0, 17, 1, 4, 0, 12, 12, 0, 0, 0, 2]
[129, 10, 0, 17, 1, 4, 0, 12, 12, 0, 0, 0, 3]
[129, 10, 0, 17, 1, 4, 12, 12, 2, 0, 5, 57]
[129, 10, 0, 19, 1, 4, 0, 5, 0, 0]
[129, 10, 0, 19, 1, 4, 0, 5, 14, 12, 0, 0]
[129, 10, 0, 19, 1, 4, 1]
[129, 10, 0, 64, 0, 0]
[129, 12, 12, 0, 0, 0, 2]
[129, 0, 1, 255, 255]
[129, 0, 12, 255, 255]
[129, 10, 0, 1, 4, 0, 1, 12, 12, 2]
[129, 10, 0, 1, 4, 0, 5, 0, 3]
[129, 10, 0, 1, 4, 0, 5, 12, 0, 3]
[129, 10, 0, 1, 4, 0, 12, 3, 128, 0]
[129, 10, 0, 1, 4, 0, 12, 64, 0, 1]
[129, 10, 0, 1, 4, 0, 64, 0, 0]
[129, 10, 0, 1, 4, 2, 12, 0]
[129, 10, 0, 1, 255]
[129, 10, 0, 2, 12, 0]
[129, 10, 0, 14, 12, 1]
[129, 10, 0, 17, 1, 4, 0, 3, 12, 12, 0, 64, 0]
[129, 10, 0, 17, 1, 4, 0, 3, 12, 12, 0, 192, 0]
[129, 10, 0, 17, 1, 4, 0, 3, 12, 12, 1, 0, 0]
[129, 10, 0, 17, 1, 4, 0, 5, 12, 12, 0, 0, 1]
[129, 10, 0, 17, 1, 4, 0, 12, 12, 0, 128, 0, 1]
[129, 10, 0, 17, 1, 4, 0, 255]
[129, 10, 0, 17, 1, 255]
[129, 10, 0, 19, 1, 4, 0, 1]
[129, 10, 0, 19, 1, 4, 14, 12, 1]
[129, 9]
[129, 10, 0, 1, 2, 2]
[129, 10, 0, 1, 4, 0, 12, 64, 0, 4]
[129, 10, 0, 1, 4, 0, 12, 128, 0, 3]
[129, 10, 0, 1, 4, 0, 128, 0, 3]
[129, 10, 0, 1, 4, 2, 117, 12, 0]
[129, 10, 0, 1, 4, 12, 64, 0, 0]
[129, 10, 0, 1, 64, 0, 4]
[129, 10, 0, 2, 2]
[129, 10, 0, 2, 12, 12, 0]
[129, 10, 0, 12, 64, 0, 0]
[129, 10, 0, 17, 1, 4, 0, 3, 12, 12, 0, 128, 0]
[129, 10, 0, 17, 1, 4, 0, 3, 12, 12, 3, 0]
[129, 10, 0, 17, 1, 4, 0, 5, 1, 12, 12, 2, 63, 255, 255]
[129, 10, 0, 17, 1, 4, 0, 5, 12, 12, 0, 0, 0, 2]
[129, 10, 0, 17, 1, 4, 2, 12, 12, 0]
[129, 10, 0, 19, 1, 4, 0, 5, 1]
[129, 10, 0, 19, 1, 4, 0, 5, 14, 12, 1]
[129, 10, 0, 19, 1, 4, 0, 5, 14, 12, 5, 0]
[129, 10, 0, 19, 1, 4, 0, 5, 128, 0]
[129, 10, 0, 19, 1, 4, 0, 128, 0]
[129, 0, 1, 0, 8]
[129, 9, 0]
[129, 10, 0, 1, 4, 0, 3, 64, 0, 0]
[129, 10, 0, 1, 4, 0, 5, 12, 0, 128, 0, 1]
[129, 10, 0, 1, 4, 0, 12, 3, 0, 0]
[129, 10, 0, 1, 4, 0, 12, 64, 0, 0]
[129, 10, 0, 1, 4, 0, 12, 128, 0, 0]
[129, 10, 0, 1, 4, 0, 128, 0, 0]
[129, 10, 0, 9]
[129, 10, 0, 17, 1, 4, 0, 3, 12, 12, 0, 0, 0, 3]
[129, 10, 0, 17, 1, 4, 0, 3, 12, 12, 3, 128, 0]
[129, 10, 0, 17, 1, 4, 0, 3, 12, 12, 128, 0, 1]
[129, 10, 0, 17, 1, 4, 0, 3, 128, 0, 1]
[129, 10, 0, 17, 1, 4, 0, 5, 12, 12, 0, 0, 3]
[129, 10, 0, 17, 1, 4, 0, 12, 12, 128, 0, 3]
[129, 10, 0, 17, 1, 4, 0, 64, 0, 0]
[129, 10, 0, 17, 1, 4, 0, 64, 0, 1]
[129, 10, 0, 17, 1, 4, 0, 128, 0, 3]
[129, 10, 0, 17, 1, 4, 2, 117, 12, 12, 2, 0, 5, 57]
[129, 10, 0, 17, 1, 64, 0, 0]
[129, 10, 0, 17, 1, 64, 0, 1]
[129, 10, 0, 19, 1, 4, 0, 0, 1]
[129, 10, 0, 19, 1, 4, 0, 5, 0, 1]
[129, 10, 0, 19, 1, 4, 0, 5, 3]
[129, 10, 0, 19, 1, 4, 0, 5, 14, 12, 0, 1]
[129, 10, 0, 19, 1, 4, 0, 5, 14, 12, 5, 64, 0]
[129, 10, 0, 19, 12, 3]
[129, 0, 12, 1, 0, 8]
[129, 9, 1]
[129, 9, 1, 0]
[129, 10, 0, 1, 0, 8]
[129, 10, 0, 1, 4, 0, 3, 1, 2]
[129, 10, 0, 1, 4, 0, 3, 128, 0, 0]
[129, 10, 0, 1, 4, 0, 3, 128, 0, 3]
[129, 10, 0, 1, 4, 0, 5, 64, 0, 1]
[129, 10, 0, 1, 4, 0, 8]
[129, 10, 0, 1, 4, 0, 12, 1, 0, 1]
[129, 10, 0, 1, 4, 0, 38, 12, 12, 0]
[129, 10, 0, 9, 0]
[129, 10, 0, 17, 1, 4, 0, 3, 2, 0]
[129, 10, 0, 17, 1, 4, 0, 3, 12, 12, 0, 5]
[129, 10, 0, 17, 1, 4, 0, 3, 12, 12, 1, 64, 0, 4]
[129, 10, 0, 17, 1, 4, 0, 3, 12, 12, 64, 0, 1]
[129, 10, 0, 17, 1, 4, 0, 3, 64, 0, 0]
[129, 10, 0, 17, 1, 4, 0, 5, 12, 12, 0, 128, 0, 1]
[129, 10, 0, 17, 1, 4, 0, 12, 12, 0, 0, 0, 1]
[129, 10, 0, 17, 1, 4, 0, 12, 12, 0, 128, 0, 3]
[129, 10, 0, 17, 1, 4, 0, 12, 12, 128, 0, 0]
[129, 10, 0, 17, 1, 4, 0, 128, 0, 0]
[129, 10, 0, 19, 1, 4, 0, 5, 3, 0]
[129, 10, 0, 19, 1, 4, 0, 5, 14, 12, 3]
[129, 10, 0, 19, 1, 4, 0, 5, 14, 12, 128, 0]
[129, 10, 0, 19, 1, 4, 1, 0]
[129, 0, 1, 0, 16]
[129, 0, 1, 32, 0]
[129, 0, 32, 0]
[129, 9, 12, 0]
[129, 10, 0, 1, 0, 7]
[129, 10, 0, 1, 0, 9]
[129, 10, 0, 1, 4, 0, 3, 24, 12, 12, 0]
[129, 10, 0, 1, 4, 0, 5, 12, 0, 0, 0, 0]
[129, 10, 0, 1, 4, 0, 5, 12, 0, 128, 0, 2]
[129, 10, 0, 1, 4, 0, 5, 12, 128, 0, 3]
[129, 10, 0, 1, 4, 0, 5, 64, 0, 0]
[129, 10, 0, 1, 4, 0, 7]
[129, 10, 0, 1, 4, 0, 12, 1, 64, 0, 8]
[129, 10, 0, 1, 4, 0, 12, 3, 128, 0, 0]
[129, 10, 0, 1, 4, 0, 12, 7]
[129, 10, 0, 1, 4, 0, 12, 64, 0, 3]
[129, 10, 0, 1, 4, 0, 62, 12, 12, 0]
[129, 10, 0, 1, 4, 0, 64, 0, 3]
[129, 10, 0, 1, 4, 0, 110, 12, 0, 0]
[129, 10, 0, 1, 4, 0, 125, 12, 0]
[129, 10, 0, 1, 6]
[129, 10, 0, 1, 64, 0, 3]
[129, 10, 0, 6]
[129, 10, 0, 9, 1]
[129, 10, 0, 9, 1, 0]
[129, 10, 0, 14, 12, 1, 64, 0]
[129, 10, 0, 14, 12, 64, 0, 0]
[129, 10, 0, 17, 1, 4, 0, 3, 12, 12, 0, 64, 0, 1]
[129, 10, 0, 17, 1, 4, 0, 3, 12, 12, 0, 128, 0, 1]
[129, 10, 0, 17, 1, 4, 0, 3, 12, 12, 1, 0, 0, 2]
[129, 10, 0, 17, 1, 4, 0, 3, 12, 12, 1, 0, 1]
[129, 10, 0, 17, 1, 4, 0, 3, 12, 12, 2, 0, 5, 57]
[129, 10, 0, 17, 1, 4, 0, 3, 12, 12, 3, 0, 0]
[129, 10, 0, 17, 1, 4, 0, 3, 12, 12, 64, 0, 0]
[129, 10, 0, 17, 1, 4, 0, 3, 12, 12, 128, 0, 0]
[129, 10, 0, 17, 1, 4, 0, 3, 12, 12, 128, 0, 3]
[129, 10, 0, 17, 1, 4, 0, 3, 128, 0, 0]
[129, 10, 0, 17, 1, 4, 0, 3, 128, 0, 3]
[129, 10, 0, 17, 1, 4, 0, 5, 12, 12, 0, 0, 0, 1]
[129, 10, 0, 17, 1, 4, 0, 5, 12, 12, 0, 0, 0, 3]
[129, 10, 0, 17, 1, 4, 0, 8]
[129, 10, 0, 17, 1, 4, 0, 9]
[129, 10, 0, 17, 1, 4, 0, 38, 12, 12, 0, 0]
[129, 10, 0, 17, 1, 4, 6]
[129, 10, 0, 17, 1, 6]
[129, 10, 0, 19, 0, 0, 3]
[129, 10, 0, 19, 1, 4, 0, 1, 0]
[129, 10, 0, 19, 1, 4, 0, 5, 3, 0, 0]
[129, 10, 0, 19, 1, 4, 0, 5, 14, 12, 3, 0]
[129, 10, 0, 19, 1, 4, 0, 5, 14, 12, 64, 0, 1]
[129, 10, 0, 19, 1, 4, 0, 5, 64, 0, 1]
[129, 10, 0, 19, 1, 4, 14, 12, 1, 64, 0]
[129, 10, 0, 19, 1, 4, 14, 12, 64, 0, 0]
[129, 10, 0, 19, 1, 64, 0, 0]
[129, 10, 0, 19, 1, 64, 0, 1]
[129, 10, 0, 19, 12, 0, 3]
[129, 0, 1, 255, 0]
[129, 0, 255, 0]
[129, 9, 0, 0]
[129, 9, 0, 1]
[129, 9, 12, 1, 0]
[129, 10, 0, 1, 4, 0, 0, 7]
[129, 10, 0, 1, 4, 0, 3, 1, 0, 5]
[129, 10, 0, 1, 4, 0, 3, 27, 12, 12, 0]
[129, 10, 0, 1, 4, 0, 3, 38, 12, 12, 0]
[129, 10, 0, 1, 4, 0, 3, 82, 12, 12, 0]
[129, 10, 0, 1, 4, 0, 3, 91, 12, 12, 0]
[129, 10, 0, 1, 4, 0, 3, 186, 12, 12, 0]
[129, 10, 0, 1, 4, 0, 3, 241, 12, 12, 0]
[129, 10, 0, 1, 4, 0, 3, 247, 12, 12, 0]
[129, 10, 0, 1, 4, 0, 3, 247, 12, 12, 2]
[129, 10, 0, 1, 4, 0, 5, 8]
[129, 10, 0, 1, 4, 0, 5, 12, 128, 0, 0]
[129, 10, 0, 1, 4, 0, 12, 0, 7]
[129, 10, 0, 1, 4, 0, 12, 0, 64, 0, 0]
[129, 10, 0, 1, 4, 0, 12, 1, 64, 0, 1]
[129, 10, 0, 1, 4, 0, 12, 3, 64, 0, 0]
[129, 10, 0, 1, 4, 0, 12, 3, 128, 0, 3]
[129, 10, 0, 1, 4, 0, 16, 12, 12, 0]
[129, 10, 0, 1, 4, 0, 22, 12, 12, 0]
[129, 10, 0, 1, 4, 0, 31, 12, 12, 0]
[129, 10, 0, 1, 4, 0, 31, 12, 12, 2]
[129, 10, 0, 1, 4, 0, 43, 12, 64, 0]
[129, 10, 0, 1, 4, 0, 58, 12, 0, 0]
[129, 10, 0, 1, 4, 0, 59, 12, 12, 0]
[129, 10, 0, 1, 4, 0, 86, 12, 12, 0]
[129, 10, 0, 1, 4, 0, 110, 12, 3]
[129, 10, 0, 1, 4, 0, 123, 12, 0, 0]
[129, 10, 0, 1, 4, 2, 12, 1, 64, 0]
[129, 10, 0, 1, 4, 12, 1, 64, 0, 0]
[129, 10, 0, 1, 4, 32, 12, 0, 0]
[129, 10, 0, 2, 12, 1, 64, 0]
[129, 10, 0, 9, 1, 0, 112, 2]
[129, 10, 0, 9, 1, 2]
[129, 10, 0, 12, 1, 64, 0, 0]
[129, 10, 0, 17, 1, 4, 0, 3, 9]
[129, 10, 0, 17, 1, 4, 0, 3, 12, 12, 0, 0, 0, 2]
[129, 10, 0, 17, 1, 4, 0, 3, 12, 12, 0, 64, 0, 2]
[129, 10, 0, 17, 1, 4, 0, 3, 12, 12, 0, 128, 0, 3]
[129, 10, 0, 17, 1, 4, 0, 3, 12, 12, 0, 192, 0, 1]
[129, 10, 0, 17, 1, 4, 0, 3, 12, 12, 0, 192, 0, 2]
[129, 10, 0, 17, 1, 4, 0, 3, 12, 12, 0, 192, 0, 3]
[129, 10, 0, 17, 1, 4, 0, 3, 12, 12, 1, 0, 0, 1]
[129, 10, 0, 17, 1, 4, 0, 3, 12, 12, 1, 64, 0, 8]
[129, 10, 0, 17, 1, 4, 0, 3, 12, 12, 3, 128, 0, 0]
[129, 10, 0, 17, 1, 4, 0, 3, 12, 12, 3, 128, 0, 1]
[129, 10, 0, 17, 1, 4, 0, 3, 12, 12, 64, 0, 3]
[129, 10, 0, 17, 1, 4, 0, 3, 51, 12, 12, 0, 0, 0]
[129, 10, 0, 17, 1, 4, 0, 3, 85, 12, 12, 1, 0, 0]
[129, 10, 0, 17, 1, 4, 0, 3, 89, 12, 12, 0]
[129, 10, 0, 17, 1, 4, 0, 3, 94, 12, 12, 0, 0, 0, 3]
[129, 10, 0, 17, 1, 4, 0, 3, 110, 12, 12, 0, 0]
[129, 10, 0, 17, 1, 4, 0, 3, 169, 12, 12, 0]
[129, 10, 0, 17, 1, 4, 0, 3, 169, 12, 12, 1]
[129, 10, 0, 17, 1, 4, 0, 3, 210, 12, 12, 0]
[129, 10, 0, 17, 1, 4, 0, 5, 12, 12, 0, 0, 0, 0]
[129, 10, 0, 17, 1, 4, 0, 5, 12, 12, 0, 128, 0, 2]
[129, 10, 0, 17, 1, 4, 0, 5, 12, 12, 0, 128, 0, 3]
[129, 10, 0, 17, 1, 4, 0, 5, 28, 12, 12, 0, 0, 0, 2]
[129, 10, 0, 17, 1, 4, 0, 5, 38, 12, 12, 0, 0, 0, 3]
[129, 10, 0, 17, 1, 4, 0, 5, 62, 12, 12, 0, 128, 0, 1]
[129, 10, 0, 17, 1, 4, 0, 9, 12, 12, 0]
[129, 10, 0, 17, 1, 4, 0, 12, 12, 0, 128, 0, 0]
[129, 10, 0, 17, 1, 4, 0, 21, 12, 12, 0]
[129, 10, 0, 17, 1, 4, 0, 25, 12, 12, 0, 0, 0]
[129, 10, 0, 17, 1, 4, 0, 50, 12, 12, 0, 128, 0]
[129, 10, 0, 17, 1, 4, 0, 64, 0, 3]
[129, 10, 0, 17, 1, 4, 0, 64, 12, 12, 0, 0]
[129, 10, 0, 17, 1, 4, 2, 117, 6, 12, 12, 2, 0, 5, 57]
[129, 10, 0, 17, 1, 4, 80, 12, 12, 0]
[129, 10, 0, 17, 1, 4, 80, 12, 12, 2]
[129, 10, 0, 17, 1, 64, 0, 3]
[129, 10, 0, 19, 1, 4, 0, 3, 17, 12, 12, 2, 0, 5, 57]
[129, 10, 0, 19, 1, 4, 0, 3, 18, 12, 12, 2, 0, 5, 57]
[129, 10, 0, 19, 1, 4, 0, 3, 24, 12, 12, 2, 0, 5, 57]
[129, 10, 0, 19, 1, 4, 0, 5, 0, 3]
[129, 10, 0, 19, 1, 4, 0, 5, 7]
[129, 10, 0, 19, 1, 4, 0, 5, 14, 12, 0, 0, 0]
[129, 10, 0, 19, 1, 4, 0, 5, 14, 12, 0, 0, 1]
[129, 10, 0, 19, 1, 4, 0, 5, 14, 12, 0, 3]
[129, 10, 0, 19, 1, 4, 0, 5, 14, 12, 0, 128, 0]
[129, 10, 0, 19, 1, 4, 0, 5, 14, 12, 1, 64, 0]
[129, 10, 0, 19, 1, 4, 0, 5, 14, 12, 3, 0, 0]
[129, 10, 0, 19, 1, 4, 0, 5, 14, 12, 3, 128, 0]
[129, 10, 0, 19, 1, 4, 0, 5, 14, 12, 7]
[129, 10, 0, 19, 1, 4, 0, 5, 14, 12, 64, 0, 0]
[129, 10, 0, 19, 1, 4, 0, 5, 125, 14, 12, 5, 64, 0, 1]
[129, 10, 0, 19, 1, 4, 0, 5, 128, 14, 12, 5, 64, 0, 4]
[129, 10, 0, 19, 1, 4, 0, 7]
[129, 10, 0, 19, 1, 4, 0, 64, 0, 0]
[129, 10, 0, 19, 1, 4, 0, 132, 12, 0]
[129, 10, 0, 32, 12, 0, 0]
[129, 10, 0, 80, 12, 12, 0]
[129, 10, 0, 80, 12, 12, 2]
[129, 2, 0, 4]
[129, 6, 0, 4]
[129, 9, 0, 12, 1, 32, 255, 255, 0, 255, 16, 8]
[129, 10, 0, 9, 1, 0, 112, 1, 2]
[129, 10, 0, 9, 1, 0, 112, 2, 2]
[129, 10, 0, 17, 1, 4, 0, 3, 2, 12, 12, 1, 64, 0, 7]
[129, 10, 0, 17, 1, 4, 0, 3, 9, 12, 12, 1, 64, 0, 5]
[129, 10, 0, 17, 1, 4, 0, 3, 15, 12, 12, 0, 64, 0, 1]
[129, 10, 0, 17, 1, 4, 0, 3, 19, 12, 12, 0, 192, 0, 3]
[129, 10, 0, 17, 1, 4, 0, 3, 21, 12, 12, 3, 128, 0, 3]
[129, 10, 0, 17, 1, 4, 0, 3, 24, 12, 12, 0, 64, 0, 1]
[129, 10, 0, 17, 1, 4, 0, 3, 25, 12, 12, 0, 0, 0, 0]
[129, 10, 0, 17, 1, 4, 0, 3, 26, 12, 12, 0, 0, 0, 0]
[129, 10, 0, 17, 1, 4, 0, 3, 27, 12, 12, 0, 64, 0, 1]
[129, 10, 0, 17, 1, 4, 0, 3, 38, 12, 12, 0, 192, 0, 1]
[129, 10, 0, 17, 1, 4, 0, 3, 42, 12, 12, 0, 0, 0, 0]
[129, 10, 0, 17, 1, 4, 0, 3, 43, 12, 12, 1, 64, 0, 3]
[129, 10, 0, 17, 1, 4, 0, 3, 50, 12, 12, 0, 128, 0, 1]
[129, 10, 0, 17, 1, 4, 0, 3, 51, 12, 12, 0, 0, 0, 0]
[129, 10, 0, 17, 1, 4, 0, 3, 51, 12, 12, 0, 0, 0, 2]
[129, 10, 0, 17, 1, 4, 0, 3, 58, 12, 12, 0, 192, 0, 0]
[129, 10, 0, 17, 1, 4, 0, 3, 64, 12, 12, 0, 64, 0, 2]
[129, 10, 0, 17, 1, 4, 0, 3, 70, 12, 12, 1, 0, 0, 1]
[129, 10, 0, 17, 1, 4, 0, 3, 75, 12, 12, 0, 192, 0, 2]
[129, 10, 0, 17, 1, 4, 0, 3, 76, 12, 12, 2, 0, 5, 57]
[129, 10, 0, 17, 1, 4, 0, 3, 80, 12, 12, 0, 192, 0, 2]
[129, 10, 0, 17, 1, 4, 0, 3, 82, 12, 12, 0, 0, 0, 0]
[129, 10, 0, 17, 1, 4, 0, 3, 85, 12, 12, 1, 0, 0, 2]
[129, 10, 0, 17, 1, 4, 0, 3, 85, 12, 12, 1, 64, 0, 0]
[129, 10, 0, 17, 1, 4, 0, 3, 89, 12, 12, 0, 0, 0, 0]
[129, 10, 0, 17, 1, 4, 0, 3, 89, 12, 12, 1, 64, 0, 4]
[129, 10, 0, 17, 1, 4, 0, 3, 90, 12, 12, 1, 64, 0, 8]
[129, 10, 0, 17, 1, 4, 0, 3, 91, 12, 12, 1, 64, 0, 9]
[129, 10, 0, 17, 1, 4, 0, 3, 93, 12, 12, 3, 128, 0, 0]
[129, 10, 0, 17, 1, 4, 0, 3, 98, 12, 12, 0, 0, 0, 1]
[129, 10, 0, 17, 1, 4, 0, 3, 102, 12, 12, 1, 64, 0, 1]
[129, 10, 0, 17, 1, 4, 0, 3, 108, 12, 12, 0, 128, 0, 3]
[129, 10, 0, 17, 1, 4, 0, 3, 110, 12, 12, 0, 64, 0, 3]
[129, 10, 0, 17, 1, 4, 0, 3, 110, 12, 12, 0, 192, 0, 1]
[129, 10, 0, 17, 1, 4, 0, 3, 115, 12, 12, 0, 0, 0, 0]
[129, 10, 0, 17, 1, 4, 0, 3, 116, 12, 12, 0, 0, 0, 0]
[129, 10, 0, 17, 1, 4, 0, 3, 121, 12, 12, 1, 64, 0, 6]
[129, 10, 0, 17, 1, 4, 0, 3, 122, 12, 12, 1, 0, 0, 2]
[129, 10, 0, 17, 1, 4, 0, 3, 123, 12, 12, 3, 128, 0, 0]
[129, 10, 0, 17, 1, 4, 0, 3, 125, 12, 12, 0, 128, 0, 0]
[129, 10, 0, 17, 1, 4, 0, 3, 129, 12, 12, 0, 0, 0, 2]
[129, 10, 0, 17, 1, 4, 0, 3, 133, 12, 12, 0, 0, 0, 0]
[129, 10, 0, 17, 1, 4, 0, 3, 136, 12, 12, 0, 0, 0, 0]
[129, 10, 0, 17, 1, 4, 0, 3, 143, 12, 12, 1, 64, 0, 4]
[129, 10, 0, 17, 1, 4, 0, 3, 144, 12, 12, 1, 64, 0, 4]
[129, 10, 0, 17, 1, 4, 0, 3, 145, 12, 12, 1, 0, 0, 1]
[129, 10, 0, 17, 1, 4, 0, 3, 146, 12, 12, 0, 128, 0, 1]
[129, 10, 0, 17, 1, 4, 0, 3, 155, 12, 12, 1, 64, 0, 4]
[129, 10, 0, 17, 1, 4, 0, 3, 156, 12, 12, 3, 128, 0, 1]
[129, 10, 0, 17, 1, 4, 0, 3, 157, 12, 12, 0, 0, 0, 0]
[129, 10, 0, 17, 1, 4, 0, 3, 161, 12, 12, 0, 0, 0, 0]
[129, 10, 0, 17, 1, 4, 0, 3, 162, 12, 12, 0, 0, 0, 3]
[129, 10, 0, 17, 1, 4, 0, 3, 169, 12, 12, 0, 128, 0, 1]
[129, 10, 0, 17, 1, 4, 0, 3, 169, 12, 12, 1, 64, 0, 8]
[129, 10, 0, 17, 1, 4, 0, 3, 186, 12, 12, 1, 0, 0, 0]
[129, 10, 0, 17, 1, 4, 0, 3, 210, 12, 12, 0, 0, 0, 3]
[129, 10, 0, 17, 1, 4, 0, 3, 210, 12, 12, 2, 0, 5, 57]
[129, 10, 0, 17, 1, 4, 0, 3, 212, 12, 12, 1, 0, 0, 2]
[129, 10, 0, 17, 1, 4, 0, 3, 215, 12, 12, 2, 0, 5, 57]
[129, 10, 0, 17, 1, 4, 0, 3, 233, 12, 12, 3, 64, 0, 0]
[129, 10, 0, 17, 1, 4, 0, 3, 235, 12, 12, 3, 128, 0, 1]
[129, 10, 0, 17, 1, 4, 0, 3, 241, 12, 12, 0, 0, 0, 3]
[129, 10, 0, 17, 1, 4, 0, 3, 245, 12, 12, 0, 64, 0, 0]
[129, 10, 0, 17, 1, 4, 0, 3, 247, 12, 12, 0, 64, 0, 2]
[129, 10, 0, 17, 1, 4, 0, 3, 253, 12, 12, 0, 192, 0, 3]
[129, 10, 0, 17, 1, 4, 0, 3, 255, 12, 12, 0, 128, 0, 3]
[129, 10, 0, 17, 1, 4, 0, 5, 8, 12, 12, 0, 0, 0, 0]
[129, 10, 0, 17, 1, 4, 0, 5, 9, 12, 12, 0, 0, 0, 0]
[129, 10, 0, 17, 1, 4, 0, 5, 16, 12, 12, 0, 0, 0, 1]
[129, 10, 0, 17, 1, 4, 0, 5, 21, 12, 12, 0, 0, 0, 1]
[129, 10, 0, 17, 1, 4, 0, 5, 22, 12, 12, 0, 0, 0, 1]
[129, 10, 0, 17, 1, 4, 0, 5, 25, 12, 12, 0, 0, 0, 2]
[129, 10, 0, 17, 1, 4, 0, 5, 30, 12, 12, 0, 0, 0, 2]
[129, 10, 0, 17, 1, 4, 0, 5, 31, 12, 12, 0, 0, 0, 2]
[129, 10, 0, 17, 1, 4, 0, 5, 32, 12, 12, 0, 0, 0, 2]
[129, 10, 0, 17, 1, 4, 0, 5, 35, 12, 12, 0, 0, 0, 3]
[129, 10, 0, 17, 1, 4, 0, 5, 50, 12, 12, 0, 128, 0, 0]
[129, 10, 0, 17, 1, 4, 0, 5, 59, 12, 12, 0, 128, 0, 1]
[129, 10, 0, 17, 1, 4, 0, 5, 64, 12, 12, 0, 128, 0, 1]
[129, 10, 0, 17, 1, 4, 0, 5, 72, 12, 12, 0, 128, 0, 2]
[129, 10, 0, 17, 1, 4, 0, 5, 74, 12, 12, 0, 128, 0, 2]
[129, 10, 0, 17, 1, 4, 0, 5, 83, 12, 12, 0, 128, 0, 3]
[129, 10, 0, 17, 1, 4, 0, 5, 86, 12, 12, 0, 128, 0, 3]
[129, 10, 0, 17, 1, 4, 2, 117, 73, 12, 12, 2, 0, 5, 57]
[129, 10, 0, 17, 1, 4, 2, 117, 77, 12, 12, 2, 0, 5, 57]
[129, 10, 0, 17, 1, 4, 2, 117, 80, 12, 12, 2, 0, 5, 57]
[129, 10, 0, 19, 1, 4, 0, 3, 1, 12, 12, 2, 0, 5, 57]
[129, 10, 0, 19, 1, 4, 0, 3, 13, 12, 12, 2, 0, 5, 57]
[129, 10, 0, 19, 1, 4, 0, 3, 16, 12, 12, 2, 0, 5, 57]
[129, 10, 0, 19, 1, 4, 0, 3, 20, 12, 12, 2, 0, 5, 57]
[129, 10, 0, 19, 1, 4, 0, 3, 22, 12, 12, 2, 0, 5, 57]
[129, 10, 0, 19, 1, 4, 0, 3, 27, 12, 12, 2, 0, 5, 57]
[129, 10, 0, 19, 1, 4, 0, 3, 31, 12, 12, 2, 0, 5, 57]
[129, 10, 0, 19, 1, 4, 0, 3, 34, 12, 12, 2, 0, 5, 57]
[129, 10, 0, 19, 1, 4, 0, 3, 36, 12, 12, 2, 0, 5, 57]
[129, 10, 0, 19, 1, 4, 0, 3, 38, 12, 12, 2, 0, 5, 57]
[129, 10, 0, 19, 1, 4, 0, 3, 41, 12, 12, 2, 0, 5, 57]
[129, 10, 0, 19, 1, 4, 0, 3, 45, 12, 12, 2, 0, 5, 57]
[129, 10, 0, 19, 1, 4, 0, 3, 49, 12, 12, 2, 0, 5, 57]
[129, 10, 0, 19, 1, 4, 0, 3, 54, 12, 12, 2, 0, 5, 57]
[129, 10, 0, 19, 1, 4, 0, 3, 56, 12, 12, 2, 0, 5, 57]
[129, 10, 0, 19, 1, 4, 0, 3, 59, 12, 12, 2, 0, 5, 57]
[129, 10, 0, 19, 1, 4, 0, 3, 62, 12, 12, 2, 0, 5, 57]
[129, 10, 0, 19, 1, 4, 0, 3, 82, 12, 12, 2, 0, 5, 57]
[129, 10, 0, 19, 1, 4, 0, 3, 86, 12, 12, 2, 0, 5, 57]
[129, 10, 0, 19, 1, 4, 0, 3, 91, 12, 12, 2, 0, 5, 57]
[129, 10, 0, 19, 1, 4, 0, 3, 101, 12, 12, 2, 0, 5, 57]
[129, 10, 0, 19, 1, 4, 0, 3, 118, 12, 12, 2, 0, 5, 57]
[129, 10, 0, 19, 1, 4, 0, 3, 132, 12, 12, 2, 0, 5, 57]
[129, 10, 0, 19, 1, 4, 0, 3, 134, 12, 12, 2, 0, 5, 57]
[129, 10, 0, 19, 1, 4, 0, 3, 177, 12, 12, 2, 0, 5, 57]
[129, 10, 0, 19, 1, 4, 0, 3, 180, 12, 12, 2, 0, 5, 57]
[129, 10, 0, 19, 1, 4, 0, 3, 185, 12, 12, 2, 0, 5, 57]
[129, 10, 0, 19, 1, 4, 0, 3, 186, 12, 12, 2, 0, 5, 57]
[129, 10, 0, 19, 1, 4, 0, 3, 187, 12, 12, 2, 0, 5, 57]
[129, 10, 0, 19, 1, 4, 0, 3, 189, 12, 12, 2, 0, 5, 57]
[129, 10, 0, 19, 1, 4, 0, 3, 204, 12, 12, 2, 0, 5, 57]
[129, 10, 0, 19, 1, 4, 0, 3, 206, 12, 12, 2, 0, 5, 57]
[129, 10, 0, 19, 1, 4, 0, 3, 221, 12, 12, 2, 0, 5, 57]
[129, 10, 0, 19, 1, 4, 0, 3, 236, 12, 12, 2, 0, 5, 57]
[129, 10, 0, 19, 1, 4, 0, 3, 241, 12, 12, 2, 0, 5, 57]
[129, 10, 0, 19, 1, 4, 0, 3, 246, 12, 12, 2, 0, 5, 57]
[129, 10, 0, 19, 1, 4, 0, 3, 247, 12, 12, 2, 0, 5, 57]
[129, 10, 0, 19, 1, 4, 0, 5, 3, 14, 12, 0, 0, 0, 0]
[129, 10, 0, 19, 1, 4, 0, 5, 43, 14, 12, 0, 64, 0, 0]
[129, 10, 0, 19, 1, 4, 0, 5, 58, 14, 12, 0, 128, 0, 1]
[129, 10, 0, 19, 1, 4, 0, 5, 67, 14, 12, 0, 128, 0, 2]
[129, 10, 0, 19, 1, 4, 0, 5, 97, 14, 12, 1, 64, 0, 1]
[129, 10, 0, 19, 1, 4, 0, 5, 104, 14, 12, 1, 64, 0, 8]
[129, 10, 0, 19, 1, 4, 0, 5, 109, 14, 12, 3, 64, 0, 0]
[129, 10, 0, 19, 1, 4, 0, 5, 110, 14, 12, 3, 128, 0, 0]
[129, 10, 0, 19, 1, 4, 0, 5, 113, 14, 12, 3, 128, 0, 3]
[129, 10, 0, 19, 1, 4, 0, 5, 123, 14, 12, 5, 0, 0, 7]
[129, 10, 0, 19, 1, 4, 0, 5, 127, 14, 12, 5, 64, 0, 3]
[129, 10, 0, 19, 1, 4, 0, 5, 132, 14, 12, 7, 0, 0, 1]
[129, 10, 0, 19, 1, 4, 2, 117, 32, 14, 12, 1, 64, 0, 0]
